1000
1000
1000
1000
1000
1000
1000
1000
0.024683281209749094
1000
1000
1000
1000
1000
1000
1000
1000
1000
1000
1000
1000
1000
1000
1000
1000
1000
1000
1000
1000
1000
1000
1000
0.026607881789570513
1000
1000
1000
0.03055203706698212
1000
1000
1000
0.029834334862064237
1000
1000
1000
1000
0.027193044776800707
1000
1000
1000
1000
1000
0.027231707438267437
1000
1000
1000
1000
1000
1000
0.0292548576562619
0.030226728065210734
1000
0.018487012955731214
1000
1000
1000
1000
1000
0.02876980078090366
1000
1000
0.03073053240198486
0.029811297733253347
1000
1000
1000
1000
1000
1000
1000
0.018790365903949488
1000
1000
1000
1000
1000
1000
1000
1000
1000
1000
1000
0.017471426640489847
0.028993555159139046
1000
1000
1000
0.02917694619946714
1000
1000
1000
1000
1000
1000
1000
1000
1000
1000
1000
1000
1000
0.030065861245892903
1000
1000
0.026684407266535863
1000
1000
0.029484304212348746
0.029461350708543478
0.026017067214981263
1000
1000
1000
1000
0.028672393518443244
1000
0.02546586938009438
1000
0.03161711309196117
1000
1000
1000
1000
1000
1000
0.031914424290453144
1000
1000
0.029847777123431344
1000
1000
0.02745391345196605
1000
0.018782239092778347
1000
1000
1000
1000
0.030670354107010283
1000
1000
1000
1000
1000
1000
1000
0.02617300048604094
1000
0.018947595041180362
0.018484411357959585
1000
0.03108986083114983
1000
1000
1000
1000
1000
1000
1000
0.026874332617798865
1000
1000
1000
1000
1000
1000
1000
1000
1000
0.02703356664616947
1000
1000
1000
1000
1000
1000
1000
1000
0.029506269550718646
1000
1000
1000
1000
1000
0.02899290182394513
1000
1000
1000
1000
0.02699325941279152
1000
1000
0.03045456020432395
0.018770436519951736
1000
1000
1000
1000
1000
0.029724839842896783
1000
1000
1000
1000
1000
0.030327294155242157
1000
1000
1000
0.031866448523941354
1000
1000
1000
1000
0.03171304273336113
1000
1000
1000
0.01944483774136955
1000
1000
1000
1000
1000
0.019421611195634552
1000
0.01915056680146359
1000
1000
1000
1000
0.02919769044141476
1000
1000
0.030355759231445595
0.03134365159682336
1000
1000
0.027328817713194748
1000
1000
0.029706278008015514
1000
1000
1000
1000
1000
1000
1000
1000
1000
1000
1000
1000
1000
1000
1000
1000
0.018533817314746112
1000
1000
0.0277929125963278
1000
0.03070484108617763
1000
1000
1000
1000
1000
0.029804742036103903
1000
1000
1000
1000
1000
0.03136077535360543
1000
1000
1000
1000
1000
0.027157452651032612
0.01809135441888026
1000
1000
0.028485281947272803
1000
1000
0.031215540711647213
1000
1000
1000
1000
1000
1000
1000
1000
0.019716571475103944
0.027429948779641704
1000
1000
0.028184007354255365
1000
1000
1000
1000
0.028892423848723273
1000
1000
1000
1000
1000
0.03053172014387831
1000
1000
1000
1000
1000
1000
1000
0.018276251536745447
1000
1000
1000
1000
1000
1000
1000
1000
1000
1000
1000
1000
1000
1000
1000
1000
0.025187148234532858
1000
0.031629736106545965
1000
1000
1000
0.028534186882816448
1000
0.031975459971138535
1000
1000
1000
1000
0.028519227588555553
0.027532363963299642
1000
0.020789609282008587
0.0276844192748635
1000
0.016970688023525957
1000
1000
1000
1000
1000
1000
1000
1000
1000
1000
1000
1000
1000
1000
1000
0.02560678010156883
1000
1000
1000
1000
0.026801642244337787
1000
1000
1000
1000
1000
0.027626875469239046
1000
1000
1000
1000
1000
1000
0.025666230969233268
1000
1000
1000
1000
1000
1000
1000
1000
1000
1000
0.03045965509063927
1000
1000
1000
1000
1000
1000
1000
1000
1000
1000
0.027367803666888554
1000
1000
1000
1000
1000
1000
1000
1000
1000
1000
1000
1000
1000
1000
1000
1000
1000
1000
1000
1000
1000
1000
0.02058078831218879
1000
1000
1000
1000
1000
1000
1000
1000
1000
1000
0.025234292303597902
1000
1000
0.031014135333518142
0.03145271223423679
1000
1000
1000
1000
1000
1000
1000
0.029875843372991456
0.02849702465742756
1000
1000
1000
1000
0.028872227717021127
1000
1000
1000
1000
1000
0.02749644682092879
1000
0.02751230118119976
0.01746854673218703
0.018423796422030538
1000
1000
1000
1000
1000
1000
1000
1000
1000
1000
0.01798631492304409
0.030618143630149725
1000
0.016888357786105618
1000
0.030043804277642437
0.030678440853486415
1000
1000
1000
1000
1000
1000
1000
1000
0.024824485546275022
1000
1000
0.020571735877640527
1000
1000
1000
0.030992800744588406
1000
1000
1000
1000
1000
1000
1000
1000
1000
1000
1000
1000
1000
1000
1000
1000
0.019514639408909705
0.03160881646676641
1000
1000
1000
1000
0.029063741159507016
0.0257369472250668
1000
1000
1000
0.01828789154506217
1000
1000
1000
0.0138209355798043
1000
1000
1000
0.029437412418615222
1000
1000
1000
1000
1000
1000
1000
1000
1000
1000
1000
1000
1000
0.028504449785884903
1000
1000
1000
0.03012077232338834
0.026600205114418504
1000
1000
1000
0.025328695639360316
1000
1000
1000
1000
1000
1000
1000
1000
0.029333011833381432
0.025247312144942538
0.02716641138925312
1000
0.014131007633691513
1000
1000
1000
1000
1000
1000
1000
1000
1000
1000
1000
1000
0.031965947134880726
1000
0.018056487020302645
1000
1000
1000
1000
0.0
0.026867963500682733
1000
1000
1000
1000
1000
1000
1000
1000
1000
0.029061676066767787
1000
1000
0.025793114010636522
0.025614848882077303
0.01859251175512715
1000
1000
1000
1000
1000
1000
1000
1000
1000
1000
1000
1000
1000
1000
1000
0.018215420761124035
1000
1000
1000
1000
1000
1000
1000
1000
1000
1000
1000
1000
1000
1000
1000
1000
1000
1000
1000
1000
1000
1000
1000
0.02915343916844006
1000
1000
0.026234525434997005
1000
1000
1000
0.018546707533697644
0.02937991881682278
1000
1000
1000
1000
1000
1000
1000
1000
1000
1000
0.030057506044627712
1000
1000
1000
1000
1000
0.027102543986224928
1000
1000
1000
1000
1000
1000
1000
1000
1000
1000
1000
1000
1000
1000
1000
1000
1000
1000
1000
1000
0.02845755978963123
1000
1000
0.017409242133350735
1000
1000
1000
1000
0.0297303798057985
1000
1000
0.02562254612459394
1000
1000
0.026095758628584712
0.01957146105910085
1000
1000
1000
1000
1000
1000
0.031559576284085594
0.025118517721611364
1000
1000
1000
1000
1000
0.03014213222459787
1000
1000
1000
1000
0.01833183160759945
1000
1000
0.02572052501919608
1000
1000
1000
1000
1000
1000
0.01802598280525198
1000
0.01757572495482215
1000
1000
1000
1000
1000
1000
1000
0.028994166106741638
0.029838772906479565
0.024953811713360276
1000
1000
1000
1000
1000
1000
1000
1000
1000
1000
1000
1000
1000
1000
1000
1000
1000
1000
0.01339691319822676
1000
0.0
1000
1000
1000
1000
0.017679664024114
1000
0.029310072287857827
1000
1000
1000
0.028840211798684158
1000
1000
0.024270944452549043
1000
1000
0.0
0.029715830142660445
1000
1000
1000
1000
1000
1000
0.028679137963007018
0.025443167374296357
1000
0.027958790131486187
1000
1000
1000
1000
0.020668084278335636
1000
1000
1000
1000
1000
1000
1000
1000
0.030523320065324523
1000
0.030502270387422252
1000
1000
1000
1000
1000
0.02128359171782187
0.030080360645269054
1000
0.0
1000
1000
1000
1000
0.017760314517894324
1000
1000
1000
1000
1000
1000
1000
0.018653082809656565
1000
0.014076730640304878
1000
1000
0.025781993552355643
1000
1000
1000
0.029210863582298144
1000
1000
0.0
1000
0.013348205744714766
1000
1000
1000
1000
1000
1000
1000
1000
1000
1000
1000
1000
1000
1000
1000
0.013715320482898035
1000
0.0
1000
0.01758655093620969
1000
1000
1000
0.026344761520195083
1000
0.03144133853233034
1000
1000
1000
1000
0.0208496629345551
1000
1000
1000
1000
1000
1000
1000
1000
1000
0.014245627561167654
1000
1000
1000
1000
1000
1000
1000
1000
1000
0.017273663625093385
1000
1000
1000
1000
1000
0.02968310863874402
1000
1000
1000
1000
1000
0.03244361728457878
0.0
0.02829106108003522
0.026559548103050272
1000
1000
1000
1000
1000
1000
1000
0.01828848558683307
1000
1000
1000
0.01954270402413035
1000
1000
1000
0.029648384490874598
1000
0.020168064339490428
1000
0.0
0.030767009402892738
0.028450436553519046
1000
1000
1000
1000
1000
0.018725845776873407
1000
1000
1000
1000
1000
1000
1000
1000
1000
0.029462885192225674
1000
1000
1000
1000
1000
1000
1000
1000
1000
1000
0.030628001496383055
0.027415241076398318
1000
1000
1000
1000
1000
1000
1000
1000
1000
0.025824527380865797
0.03223118670124919
1000
1000
1000
0.02902275194128323
0.025450899822364703
1000
1000
0.027439324146417792
1000
1000
1000
1000
1000
1000
1000
1000
0.031283214914053184
1000
0.026805086697528936
1000
1000
1000
1000
1000
0.02716180420612576
1000
1000
1000
1000
1000
1000
1000
1000
1000
1000
1000
0.02765853475649672
1000
1000
1000
0.0
1000
1000
1000
1000
0.03051418107449544
1000
1000
1000
1000
0.028247529441085092
1000
1000
1000
1000
1000
0.013595175935451556
1000
1000
1000
1000
1000
1000
0.02042405701634223
0.02968141931200165
1000
1000
1000
0.02619235425555872
1000
1000
1000
1000
0.02731763785236891
1000
0.03115506936741403
1000
1000
1000
0.026066768633256146
1000
1000
1000
1000
1000
0.019980094816913464
0.019639280974081935
1000
1000
1000
1000
0.018763694235172195
1000
1000
0.028515488216590532
1000
0.029490508689173224
1000
1000
1000
1000
1000
1000
1000
0.031275529578275674
1000
1000
1000
1000
1000
0.029625221363602218
1000
1000
0.029690406476485545
1000
0.013546557010395031
0.013545838485212314
1000
1000
1000
1000
1000
0.01411131601310681
1000
0.013602759486572292
1000
1000
0.01926967577003694
1000
1000
1000
1000
1000
1000
1000
1000
1000
1000
1000
1000
0.02060967336564696
1000
1000
1000
1000
1000
1000
1000
1000
1000
1000
1000
1000
1000
1000
1000
1000
1000
1000
0.014229387389621151
1000
1000
1000
1000
1000
1000
1000
1000
0.029906548882442513
1000
1000
1000
1000
0.02632361517927982
1000
1000
0.019398969754070565
1000
1000
1000
0.024908826558223435
1000
1000
1000
1000
1000
1000
1000
1000
1000
1000
1000
1000
0.013390155381277991
1000
1000
1000
1000
1000
0.028925827559554328
1000
1000
1000
1000
1000
1000
1000
1000
1000
1000
1000
1000
1000
0.0
1000
1000
1000
1000
1000
1000
1000
1000
1000
1000
1000
1000
1000
1000
1000
1000
1000
1000
1000
1000
1000
1000
1000
1000
1000
1000
1000
1000
0.0
1000
1000
1000
1000
1000
0.014037289999718709
1000
1000
1000
1000
1000
0.013424911494265394
0.0
1000
1000
1000
1000
1000
1000
1000
1000
1000
1000
1000
1000
0.014007330849919569
1000
1000
1000
0.018749202416077693
1000
0.025744135502841627
1000
0.031640761714984825
1000
1000
0.030457895227112678
1000
1000
1000
1000
1000
1000
1000
0.013909956110825503
1000
1000
1000
1000
1000
0.01682306760712369
1000
1000
1000
1000
0.028378294230266346
0.028807247054526187
1000
1000
1000
0.013749841491457039
0.0
1000
0.018203330047854002
1000
1000
0.029431255645601645
1000
1000
1000
1000
0.029585520368663114
1000
1000
1000
1000
0.015967401835016385
0.0
1000
1000
1000
1000
0.01699565605322368
1000
1000
0.028971248961636723
0.01337677192513396
1000
1000
0.014122647242813612
1000
1000
1000
1000
