1000
1000
1000
1000
1000
1000
1000
1000
0.33848859287644617
1000
1000
1000
1000
1000
1000
1000
0.6647097135496929
0.6677413018813293
1000
1000
1000
1000
1000
1000
1000
1000
1000
1000
0.3387963522143202
1000
1000
1000
1000
1000
1000
1000
1000
1000
1000
1000
1000
1000
1000
1000
1000
1000
1000
1000
1000
0.6639228904994552
1000
1000
1000
1000
1000
1000
1000
1000
1000
1000
1000
1000
1000
1000
0.3359948768246095
0.6686741373638055
1000
1000
1000
1000
1000
1000
1000
1000
1000
1000
1000
1000
1000
0.6651066004030299
0.6652727478825445
1000
1000
1000
1000
1000
0.6624165859770353
0.6642615708325903
1000
1000
1000
1000
1000
1000
1000
1000
1000
1000
1000
1000
1000
0.667249493398254
1000
1000
1000
1000
0.6680106098361206
1000
1000
1000
1000
1000
1000
1000
0.6664619264792279
1000
1000
0.6632874942287271
1000
1000
1000
1000
1000
1000
1000
1000
1000
1000
1000
1000
1000
1000
1000
1000
1000
1000
1000
0.6617547810511673
1000
1000
1000
1000
1000
1000
1000
1000
0.6656843940828013
1000
1000
1000
1000
0.6635533738020699
1000
1000
1000
1000
1000
1000
1000
0.3373235954585193
0.6672454141792484
1000
1000
1000
1000
1000
1000
1000
1000
1000
1000
1000
1000
1000
1000
1000
0.3359962856714116
1000
1000
1000
1000
1000
1000
1000
1000
0.6632181171614306
1000
1000
0.6653716304079466
1000
1000
1000
1000
1000
1000
0.6629833463514849
1000
1000
1000
0.6622715937815906
1000
1000
1000
1000
1000
1000
0.66632823484468
1000
1000
0.6669509069590083
1000
1000
1000
1000
0.6655266114190592
1000
1000
1000
1000
0.33801587657966103
1000
1000
1000
1000
1000
1000
1000
1000
0.337205165267009
1000
1000
1000
1000
1000
1000
1000
1000
1000
1000
1000
0.33668916387337794
1000
1000
1000
1000
1000
1000
1000
1000
1000
1000
1000
0.6651542679972546
1000
1000
1000
1000
1000
1000
0.33848261763542703
1000
1000
0.6639259996738498
0.3366584142179301
1000
1000
1000
0.6654321972574614
1000
0.3373470119262996
1000
1000
1000
1000
1000
1000
1000
1000
1000
1000
1000
1000
0.33753612560995266
1000
1000
1000
0.6645008291184114
1000
1000
0.6651360261878199
1000
1000
1000
1000
1000
0.6651854271308032
1000
0.6643359855027748
1000
1000
1000
1000
1000
1000
1000
1000
0.6643797760652616
1000
1000
1000
0.33606199329370623
1000
1000
1000
0.6632039055767167
0.6628546504587629
1000
1000
0.665029705621615
1000
1000
1000
1000
0.3376739642706183
0.33880749739833443
1000
1000
1000
1000
1000
1000
1000
1000
0.6657179938732061
1000
0.6684780079281238
1000
1000
0.33718672365549296
1000
1000
1000
1000
1000
1000
0.6641756375527419
0.3379407877065157
1000
1000
1000
1000
1000
1000
0.663515249292933
1000
0.6639148729039174
1000
1000
0.3372770633450243
0.6653471309533114
1000
1000
0.6658231683420889
2.6670881302086675
0.6694463343750888
1000
1000
0.6646745783901699
2.6674707641864823
1000
1000
1000
1000
1000
1000
1000
1000
1000
1000
1000
1000
1000
1000
1000
1000
1000
1000
1000
1000
1000
1000
1000
1000
1000
1000
1000
1000
1000
1000
1000
1000
1000
0.3356046827910716
1000
1000
1000
0.6669455562793606
1000
1000
1000
1000
1000
1000
1000
1000
1000
1000
1000
1000
0.6682730526101291
0.33736231009478396
1000
0.6623386404037684
1000
1000
1000
1000
1000
1000
0.6660614529993945
1000
1000
1000
1000
1000
1000
1000
1000
1000
1000
1000
1000
1000
1000
1000
0.6637184169601322
1000
1000
0.33838906759082693
1000
0.6660570207195534
0.6684033219034098
1000
1000
1000
1000
1000
1000
1000
1000
0.6691064530939764
1000
1000
1000
1000
1000
1000
1000
1000
1000
1000
1000
1000
1000
1000
1000
0.6629775888462716
1000
1000
1000
0.0
0.33429086160753885
0.6639265480215959
1000
1000
1000
1000
0.6683641498516744
1000
1000
1000
2.666775600558949
1000
1000
1000
1000
1000
1000
0.3387956099758443
1000
1000
0.6626286189807031
1000
1000
1000
0.6662677623792258
1000
1000
1000
1000
0.3373145544663696
1000
0.6697097577043135
0.6645045018775008
1000
1000
1000
1000
1000
1000
1000
1000
1000
1000
1000
1000
1000
1000
1000
1000
1000
0.6623517105119722
1000
1000
1000
1000
1000
1000
1000
1000
1000
1000
1000
0.33787902175918066
1000
1000
1000
0.6625838883532521
0.33549171328125704
1000
1000
0.6655690344993392
1000
1000
1000
1000
1000
1000
1000
1000
1000
1000
1000
1000
1000
0.6663694516382751
0.6650269734823328
1000
1000
0.664212463116788
1000
1000
1000
1000
1000
1000
0.6693926779058896
1000
0.6633276741786382
1000
1000
1000
1000
1000
1000
1000
1000
0.3376380279388382
1000
1000
1000
1000
1000
1000
1000
0.33700473246931534
1000
1000
0.0
1000
1000
1000
1000
1000
1000
1000
1000
1000
0.6653358680700154
1000
1000
0.6665620547090975
1000
1000
1000
1000
0.6664966453691551
1000
1000
1000
0.33788975185114445
1000
1000
1000
1000
1000
0.3368968814801586
0.33794516809846514
1000
1000
1000
1000
1000
1000
1000
1000
1000
1000
1000
0.6637193784284756
1000
1000
0.6641742234810872
1000
1000
1000
1000
1000
1000
1000
0.6664685327545108
1000
0.6645569649799163
1000
1000
1000
1000
1000
1000
1000
1000
1000
0.6626834134219816
1000
0.6613467872907847
1000
1000
1000
1000
1000
1000
1000
0.6680404728303544
1000
1000
1000
1000
1000
1000
1000
2.6674533331706196
1000
1000
1000
1000
1000
1000
1000
1000
1000
1000
1000
1000
1000
1000
1000
1000
1000
1000
1000
0.66768698148344
0.6638415649577796
0.3363857902014749
1000
1000
1000
1000
1000
1000
1000
1000
0.6634333347335759
0.6683743296046146
1000
1000
1000
0.3346225344817862
1000
1000
1000
1000
1000
1000
1000
0.662807086213989
1000
1000
1000
1000
0.6666773012518395
1000
1000
1000
1000
1000
1000
1000
1000
1000
1000
1000
1000
0.6669098161077859
1000
1000
0.6665172064478195
0.6635575571628683
1000
1000
1000
1000
1000
1000
1000
1000
0.33838035128422594
1000
1000
1000
1000
1000
1000
1000
1000
0.6679283150905972
1000
1000
1000
1000
1000
1000
1000
1000
1000
1000
1000
0.6616569920023921
0.6642163424962877
1000
1000
0.0
1000
0.6634848872390046
1000
1000
1000
1000
1000
1000
1000
1000
1000
1000
1000
1000
1000
1000
1000
1000
1000
1000
1000
1000
1000
1000
1000
1000
1000
1000
1000
1000
1000
1000
0.3374449844874077
1000
1000
0.6652429068099227
1000
1000
1000
1000
1000
1000
1000
1000
1000
1000
1000
0.6640667074625907
1000
1000
1000
1000
1000
1000
1000
1000
1000
1000
1000
1000
0.6664440445260476
0.6656411179285567
1000
0.6633077135713245
1000
0.6659211022127374
1000
0.6657331878607065
1000
1000
1000
1000
1000
1000
1000
0.3390796018709806
0.33692697344809713
1000
1000
1000
1000
