1000
1000
1000
11.98344199837212
9.252197245436061
1000
1000
1000
1000
1000
1000
1000
1000
1000
1000
9.074755728618932
10.875809257854952
1000
1000
10.300703147730914
10.898806774331282
1000
1000
1000
1000
8.454408297465246
1000
1000
8.484211502802307
1000
9.11985538036547
1000
1000
1000
1000
1000
1000
1000
1000
8.29154102343535
1000
1000
1000
1000
1000
1000
1000
1000
9.062367610769774
1000
1000
1000
1000
1000
10.826572813562983
1000
1000
1000
12.009878620366178
11.647240458353075
11.016551776952388
8.65641373483656
1000
11.013795494698996
9.371818768691604
1000
1000
11.960618821417405
1000
1000
1000
1000
1000
1000
8.356896589759636
8.648677444846559
1000
1000
10.860703777259028
1000
1000
9.488562152080576
1000
1000
1000
1000
1000
1000
9.048756674686299
1000
1000
1000
9.81358593734259
1000
9.241782342412868
11.504745419562006
11.571524305437956
9.754726703073144
9.11379925787544
1000
1000
9.380638879348579
1000
1000
1000
1000
1000
1000
11.179706391422592
1000
1000
1000
1000
1000
1000
11.605335833160119
1000
1000
1000
1000
1000
1000
12.057617822990093
1000
1000
1000
1000
1000
1000
1000
1000
1000
1000
1000
9.039633246750736
9.486631532092897
1000
1000
1000
1000
11.322843322018052
9.19121547533714
1000
1000
11.67959153339258
1000
1000
1000
1000
1000
11.91611547817171
1000
1000
1000
1000
1000
10.697226437428403
9.822110578513179
1000
8.331217277795819
1000
1000
10.286431606121385
1000
10.532136099908316
8.681559477637684
1000
1000
11.67295123140385
1000
1000
1000
11.499541824009938
1000
10.36435002599891
1000
8.934737343944283
1000
1000
1000
1000
1000
1000
1000
1000
8.774913849248822
1000
1000
1000
1000
9.737547270895467
1000
1000
9.032950212822737
1000
1000
1000
1000
1000
1000
1000
1000
1000
9.029993574787119
1000
1000
1000
1000
1000
1000
1000
1000
1000
11.98761108614382
1000
1000
1000
1000
1000
1000
10.765336736095932
10.701532700541472
1000
11.202786337309686
10.497229449001622
1000
1000
1000
1000
1000
1000
1000
1000
8.531245783567883
10.26159057758503
1000
9.742489284321868
1000
1000
1000
10.355247765346412
1000
1000
1000
1000
0.013866238962299238
9.898339528277155
1000
1000
1000
0.0
1000
1000
1000
1000
1000
1000
1000
9.061890454161619
8.788075323715436
1000
11.971330292398733
10.833619283970341
8.923890704357895
10.700395857821615
11.765762892012596
11.479473064682425
1000
1000
1000
1000
1000
9.380330715036553
1000
1000
1000
8.752259036669106
1000
1000
10.224530729571885
1000
1000
1000
8.882782607768833
8.703809370085523
1000
11.536955521889723
1000
1000
8.856416401294496
1000
1000
8.753579747889383
1000
11.540155500394526
1000
1000
11.722595501013545
1000
10.152873880680337
9.673292557193097
8.97404300837219
1000
8.820043198989039
9.277528259721777
9.926119972109667
12.084889271292584
1000
1000
12.053964262017315
1000
1000
10.699901818839962
11.02248454138526
1000
9.09408534117993
11.410371876686686
1000
1000
1000
1000
1000
1000
1000
10.946900634695751
1000
9.308448266675569
8.388344423681701
10.148383869205848
0.0
1000
1000
1000
1000
1000
9.559802325769327
1000
1000
1000
11.02294735565403
1000
1000
1000
11.70155574444076
1000
1000
1000
1000
1000
11.984555047594744
1000
1000
8.25821850615832
11.40861747211423
11.628016854892493
1000
9.214840288859211
1000
1000
9.760419438030151
1000
1000
1000
1000
1000
8.27979132163027
11.023296020268907
1000
11.27662728481903
1000
1000
10.486869039260752
11.031633108349563
8.71070263329641
11.8170381373594
11.683855142337501
1000
1000
1000
11.759902615828977
11.180749036474918
1000
1000
1000
1000
1000
1000
11.422382357904548
1000
1000
1000
11.832639774500846
1000
1000
11.667604024713576
9.683238060587671
10.281942409979507
8.68585778232173
1000
10.348871521448213
1000
1000
1000
9.455232340116044
8.779986622995857
9.113201371755816
11.489137266646836
1000
9.659933734167172
1000
1000
1000
1000
1000
1000
1000
1000
1000
1000
1000
8.579884262329983
1000
0.0
11.960251084173143
10.160397922718166
1000
1000
1000
1000
8.748878591900299
0.0
9.64244423602352
0.01349759507387131
8.20575359164529
11.244754054012429
1000
8.160562344093815
9.994975960258218
1000
1000
10.272805149120673
10.801116661202876
1000
9.80517486946741
1000
1000
1000
9.50347304137316
1000
1000
10.690794870265236
8.358239626255568
0.0
11.951874529349277
1000
1000
9.907919163388408
1000
1000
1000
1000
10.792471932053683
9.302348208917426
1000
1000
1000
11.758702870832341
9.377975752172073
1000
10.3501829714121
9.90115302537939
1000
1000
1000
11.198668377114005
1000
9.654342046406258
0.0
9.711237511422407
1000
0.013875685408619342
10.402260390389822
10.015687014456805
1000
8.240729425672441
10.834808825613495
9.18691694067485
9.252783795511368
1000
1000
0.014016552783428157
1000
9.979817676924274
8.88457985897214
10.476116852315252
1000
10.548136959697887
9.851195261693503
0.013398976138775512
1000
11.533047011654864
11.565783939943381
9.311445577078864
1000
11.417961246384122
8.983425627219432
9.65371766668334
1000
1000
9.564973703610754
1000
1000
1000
1000
9.919362126475196
10.764545866822822
1000
1000
1000
1000
1000
1000
0.0
1000
10.419025212771105
10.238868989566672
10.165566053890458
1000
0.013394420203891704
9.515279387820655
10.093841672163245
1000
8.422308303060872
9.877181429192111
10.083303150196278
11.655328316862526
9.53830767588433
10.97698605521426
8.332437355286523
1000
10.430315391956857
1000
1000
9.707603768458856
1000
10.562953063712692
0.013762806847931323
0.013479442232650626
1000
10.335064083308994
9.203535553418515
1000
9.778907819658512
0.0
1000
1000
8.450276389953276
1000
1000
9.996103688828645
1000
11.47721020808425
8.38228714960751
10.178984737670692
9.860254729805975
8.645406216543591
9.955030143429974
11.141053013334725
11.521883359309003
9.270384987764496
1000
1000
8.227345165601582
1000
1000
1000
11.448278493647452
11.195755036812267
11.122622763398788
0.013495127246987702
9.73839099603216
1000
1000
0.0
10.767742816029338
1000
8.550453504068178
9.968699029304563
1000
10.361715362075895
9.95656429145901
1000
9.140536638116666
8.241658842830416
10.657035720846336
1000
0.0
8.252252688295496
1000
0.013402136496773324
1000
1000
1000
11.184041216776638
11.994938226899517
1000
1000
9.995898821658836
0.0
8.113749742090198
9.187363179034504
