1000
1000
1000
1000
1000
0.029555101543997243
0.026514704776626215
1000
0.025610254453747455
1000
0.019615831097164485
1000
0.018786627451832058
1000
0.01848989491079911
1000
1000
0.028318727202761067
1000
1000
1000
0.019383034533531997
0.02742004516643226
1000
1000
1000
0.0259627151196365
1000
1000
1000
1000
1000
1000
1000
1000
1000
0.026101791121193263
1000
1000
1000
1000
1000
1000
1000
1000
1000
1000
1000
1000
1000
1000
0.028477357987880078
1000
1000
1000
1000
1000
1000
1000
1000
1000
1000
0.030484220961409958
1000
1000
1000
1000
1000
1000
1000
1000
1000
1000
1000
1000
1000
0.025093385751259127
0.030217152389742555
1000
1000
1000
1000
1000
1000
1000
1000
1000
1000
1000
1000
1000
1000
1000
1000
1000
1000
1000
1000
0.017720612395755272
1000
1000
1000
1000
1000
1000
1000
1000
1000
1000
1000
1000
1000
1000
1000
1000
1000
1000
0.0
1000
1000
1000
1000
1000
1000
1000
1000
1000
1000
1000
1000
0.027461902160713578
1000
1000
1000
1000
1000
1000
1000
1000
1000
1000
1000
1000
1000
1000
1000
1000
1000
1000
0.03158302254223886
1000
1000
1000
1000
1000
1000
1000
1000
1000
1000
1000
1000
1000
1000
1000
1000
1000
1000
1000
1000
1000
1000
0.0
0.01859180558350953
1000
1000
0.03138630959074026
1000
1000
1000
1000
1000
1000
1000
1000
1000
1000
1000
1000
1000
1000
0.025935076021366042
1000
0.02839027387949162
1000
1000
1000
1000
1000
1000
1000
1000
1000
1000
1000
1000
1000
0.027287608725842807
0.013816771256064177
0.02850142397656698
0.030943006696899734
1000
1000
1000
1000
1000
1000
1000
0.030342345851203406
1000
1000
1000
1000
1000
1000
1000
0.03068714699483377
1000
1000
1000
1000
1000
1000
0.02654899878944418
1000
1000
1000
1000
1000
1000
1000
0.025744776993892562
0.029089235353408335
1000
1000
1000
1000
1000
1000
0.019360568125540233
1000
1000
1000
0.027591536273423083
0.0
0.019699646535375655
1000
1000
0.026582611137810026
1000
