0.03152433662956794
1000
1000
1000
1000
0.031359770546415214
1000
0.029047973678783347
1000
1000
1000
1000
1000
1000
1000
1000
0.030501604206306876
1000
1000
1000
1000
1000
1000
1000
1000
1000
1000
1000
1000
1000
0.02682308607071207
1000
1000
1000
0.0274531141430484
1000
1000
1000
1000
1000
1000
1000
1000
1000
1000
0.03233288605826122
1000
1000
1000
0.019807618443418044
1000
1000
1000
1000
1000
1000
1000
1000
1000
1000
0.028390391623251982
0.02010621895787184
0.026517244414897626
1000
1000
1000
1000
1000
1000
1000
1000
1000
0.029035551577172615
1000
1000
1000
0.02999035390326717
0.028377459061854668
1000
1000
1000
1000
1000
1000
1000
1000
1000
1000
0.026924547660679803
0.02701071622065055
1000
1000
1000
1000
1000
1000
1000
1000
1000
1000
1000
1000
1000
1000
1000
0.024997867282374884
1000
1000
1000
1000
1000
0.028510783624697306
1000
1000
0.027883801346656162
0.030920200087512513
1000
0.028902641586845156
1000
0.02653567091273478
1000
1000
1000
1000
1000
1000
1000
0.02681379502457379
1000
1000
1000
1000
0.03216064539105617
1000
1000
1000
0.03076974113569158
1000
1000
1000
1000
0.028291958819980055
1000
1000
1000
1000
1000
0.02963208838461541
1000
1000
1000
1000
1000
1000
1000
1000
1000
1000
1000
1000
1000
1000
0.02817515908696773
1000
1000
1000
1000
1000
1000
0.02899154040999962
0.02926447089381267
1000
1000
1000
1000
1000
1000
1000
1000
1000
1000
1000
1000
1000
1000
1000
0.019799066257039886
1000
1000
1000
1000
1000
1000
1000
0.028169854622299092
1000
1000
1000
1000
1000
1000
1000
1000
1000
1000
1000
0.028378332089173546
1000
1000
1000
1000
1000
0.025905502425482327
1000
0.027628632247451174
0.02752816408463025
1000
1000
1000
1000
1000
0.031075644912946454
0.0261949211982759
1000
1000
1000
1000
0.030389459508046883
0.02736460682631029
0.028412081045940212
1000
1000
0.029347459877283752
1000
1000
1000
1000
1000
0.03183461435728927
0.02885050309552463
1000
1000
1000
1000
1000
1000
1000
0.029135530497393786
1000
1000
1000
1000
1000
0.029934003882287508
0.02906745365651435
0.029586412860684017
0.02931857864186969
1000
1000
1000
0.027080680132253086
1000
1000
1000
1000
1000
1000
1000
0.031191548263462807
1000
0.030959715964868233
1000
0.018237133400989522
1000
1000
1000
0.030148648923455902
1000
1000
0.030404164361601753
1000
1000
1000
1000
1000
0.019266527583020384
1000
1000
1000
0.017879895704214277
1000
1000
1000
1000
1000
1000
1000
1000
1000
1000
1000
1000
1000
1000
1000
1000
1000
0.030199278892614347
1000
1000
1000
1000
1000
1000
0.0188240931655584
1000
1000
1000
1000
1000
1000
1000
1000
1000
1000
1000
0.029419267817974163
1000
1000
1000
1000
1000
1000
1000
0.029882963342579855
1000
1000
1000
1000
0.03187150831292896
1000
1000
1000
1000
1000
1000
1000
1000
1000
1000
1000
1000
1000
1000
1000
1000
1000
1000
1000
1000
1000
0.016435635773849357
1000
1000
1000
1000
1000
0.026041347724553365
1000
1000
0.030115164145930143
1000
0.03139880681882005
1000
1000
1000
1000
1000
1000
1000
1000
1000
1000
1000
1000
1000
1000
1000
1000
1000
1000
1000
1000
1000
1000
1000
1000
0.030721411477885197
1000
1000
1000
1000
1000
0.026585018719175964
0.02957652617778355
1000
1000
1000
1000
1000
1000
1000
1000
1000
1000
1000
1000
0.030640752608145895
1000
1000
1000
1000
1000
1000
0.0322365153000999
1000
1000
1000
1000
1000
1000
0.02757064678132924
1000
1000
1000
0.030732660573978155
0.02829625683223916
1000
1000
1000
0.01871274131282756
1000
0.029357654104862095
0.029003018771660685
1000
1000
0.030017075524500794
1000
1000
1000
1000
1000
1000
1000
1000
1000
1000
1000
1000
0.02640583526700953
1000
1000
1000
1000
1000
1000
1000
1000
1000
0.01826746330128729
1000
1000
1000
1000
0.026793812064831078
1000
1000
1000
1000
1000
1000
1000
1000
1000
1000
1000
1000
1000
1000
1000
1000
1000
1000
1000
1000
1000
1000
0.0263597965106145
1000
1000
1000
1000
1000
1000
1000
1000
0.03191358582068449
1000
1000
1000
1000
1000
1000
1000
1000
1000
1000
1000
1000
1000
1000
0.028684058533167623
1000
1000
1000
1000
1000
1000
1000
1000
1000
1000
0.02812888572062351
1000
1000
1000
1000
1000
1000
0.026740997696930245
0.027686111517593467
1000
0.027341721673424066
1000
0.026238354284358445
1000
1000
1000
1000
0.031008271543967944
1000
0.02959493681927086
1000
1000
1000
0.025975788334956354
0.03023474957209926
1000
0.030892989965499378
1000
1000
1000
1000
1000
1000
1000
1000
1000
1000
1000
1000
1000
1000
1000
1000
1000
1000
1000
0.030340152808090645
1000
0.02749166755943971
1000
1000
1000
1000
0.032318590575384894
1000
1000
1000
1000
1000
1000
1000
1000
1000
1000
0.019066073323697953
0.030048657781647524
1000
1000
1000
1000
1000
0.020824973646018475
0.018658174209494133
1000
1000
1000
1000
0.01829286932857078
1000
1000
1000
1000
1000
1000
1000
1000
1000
0.02574332326588885
1000
1000
1000
1000
1000
1000
1000
1000
1000
1000
0.016730403180715614
0.028630475005678044
1000
1000
1000
1000
1000
1000
1000
1000
1000
1000
1000
1000
0.029588127432875935
0.02866141583964884
0.02801695816810893
1000
1000
1000
1000
0.0181766480964312
1000
1000
1000
1000
1000
0.02721935722064652
1000
1000
1000
1000
1000
1000
0.029825637427692658
0.017510029461244934
1000
1000
1000
1000
1000
1000
1000
1000
0.017239582562789794
1000
1000
1000
1000
1000
1000
1000
1000
1000
1000
1000
0.026829069168968094
1000
1000
1000
0.027745782710498372
1000
1000
1000
0.029431792633873508
1000
1000
0.02900598087766992
1000
1000
1000
1000
0.02878999718917743
1000
1000
1000
0.028690536930277073
1000
1000
1000
1000
0.029640492578204482
1000
0.027444727623410367
1000
1000
1000
1000
1000
1000
1000
1000
0.02651210470162672
0.028150004030109935
1000
1000
1000
1000
1000
1000
1000
1000
1000
0.028764374893407673
1000
1000
1000
1000
1000
1000
0.019107397589503382
0.027428604024453462
1000
1000
1000
1000
1000
1000
1000
1000
1000
0.030144550191486798
1000
1000
1000
0.02854686209278246
1000
1000
1000
1000
0.030792625062973214
1000
0.031761284601102516
1000
1000
1000
1000
1000
0.02970674740503145
1000
1000
1000
1000
0.02727330061612398
1000
0.01948958239440037
1000
1000
1000
1000
1000
1000
1000
0.028766875548765333
1000
1000
0.018491427452349003
1000
1000
1000
1000
1000
1000
1000
1000
1000
0.02759108084136478
1000
1000
1000
1000
1000
1000
1000
1000
1000
