1000
1000
1000
1000
10.21127659950901
1000
1000
11.897790490848843
1000
1000
1000
1000
1000
1000
1000
1000
1000
1000
1000
1000
1000
1000
1000
1000
1000
1000
1000
1000
1000
1000
1000
1000
1000
1000
1000
1000
1000
1000
1000
1000
1000
1000
1000
1000
1000
1000
1000
1000
1000
1000
1000
1000
1000
1000
1000
1000
1000
1000
1000
1000
9.596274187530677
1000
1000
1000
1000
1000
1000
1000
1000
1000
1000
1000
1000
1000
1000
1000
1000
1000
1000
1000
1000
1000
1000
1000
1000
1000
1000
1000
1000
1000
1000
1000
1000
1000
1000
1000
1000
1000
1000
9.773466442044407
1000
1000
1000
1000
1000
1000
1000
1000
1000
1000
1000
1000
1000
1000
1000
1000
1000
1000
1000
1000
1000
1000
1000
1000
1000
1000
1000
1000
1000
1000
1000
1000
1000
1000
9.478676804723676
1000
1000
1000
1000
1000
1000
1000
1000
1000
11.189712908278963
1000
1000
1000
1000
1000
1000
1000
1000
1000
1000
1000
1000
1000
1000
1000
1000
1000
1000
1000
1000
1000
1000
1000
1000
1000
1000
11.02536031346726
1000
1000
1000
1000
1000
1000
1000
1000
1000
1000
1000
1000
1000
1000
1000
1000
1000
1000
1000
1000
1000
1000
1000
1000
1000
1000
1000
1000
1000
1000
1000
1000
1000
1000
1000
1000
1000
1000
1000
1000
1000
1000
1000
1000
1000
1000
1000
1000
1000
1000
1000
1000
1000
1000
1000
1000
1000
1000
1000
1000
1000
1000
1000
1000
1000
1000
1000
1000
1000
1000
1000
1000
1000
1000
1000
1000
1000
1000
1000
1000
1000
1000
1000
1000
1000
1000
1000
1000
1000
1000
1000
1000
1000
1000
1000
1000
1000
1000
1000
1000
1000
1000
1000
1000
1000
1000
1000
1000
1000
1000
1000
1000
1000
1000
1000
1000
1000
1000
1000
1000
1000
1000
1000
1000
1000
1000
1000
1000
1000
1000
1000
1000
1000
1000
1000
1000
1000
1000
1000
1000
1000
1000
1000
1000
1000
1000
1000
1000
1000
1000
1000
1000
1000
1000
1000
1000
1000
1000
1000
1000
1000
1000
1000
1000
1000
1000
1000
1000
1000
1000
1000
1000
1000
10.912436960812975
1000
1000
1000
11.246971205942186
1000
1000
1000
1000
1000
1000
10.475111113380114
1000
1000
1000
1000
1000
1000
1000
1000
1000
1000
1000
1000
1000
1000
1000
1000
1000
1000
1000
1000
1000
1000
1000
1000
10.751657154210417
1000
10.399773819025192
1000
1000
1000
1000
1000
1000
1000
1000
1000
1000
1000
1000
1000
1000
1000
1000
1000
1000
1000
11.137545632281697
1000
1000
1000
1000
1000
1000
1000
1000
1000
1000
1000
1000
1000
1000
1000
1000
1000
1000
1000
1000
1000
1000
1000
1000
1000
1000
1000
1000
1000
1000
1000
1000
1000
1000
1000
1000
1000
1000
1000
1000
1000
1000
1000
1000
1000
1000
1000
1000
1000
1000
1000
1000
1000
1000
1000
1000
1000
1000
1000
1000
1000
1000
1000
1000
1000
1000
1000
1000
1000
1000
1000
1000
10.50511983821012
1000
1000
1000
1000
1000
1000
1000
1000
1000
1000
1000
11.051321290026284
1000
1000
1000
1000
1000
1000
1000
1000
1000
1000
1000
1000
1000
1000
1000
1000
1000
1000
10.442850103777026
1000
1000
1000
1000
1000
1000
1000
1000
1000
1000
1000
1000
1000
1000
1000
1000
1000
1000
1000
1000
1000
1000
1000
1000
1000
1000
12.55384101114231
1000
1000
1000
1000
1000
1000
1000
1000
1000
1000
1000
1000
1000
1000
1000
1000
1000
1000
1000
1000
1000
1000
1000
1000
1000
1000
1000
1000
1000
1000
1000
1000
1000
1000
1000
1000
1000
1000
1000
1000
1000
1000
1000
1000
1000
1000
1000
1000
1000
1000
1000
1000
1000
1000
1000
1000
1000
1000
1000
1000
1000
11.138373241885589
1000
1000
1000
1000
1000
1000
1000
1000
1000
1000
1000
1000
1000
11.312548563642759
1000
1000
1000
1000
1000
1000
1000
1000
1000
1000
1000
1000
1000
1000
1000
1000
1000
1000
1000
1000
1000
1000
1000
1000
1000
1000
1000
1000
1000
1000
1000
1000
1000
1000
1000
1000
1000
1000
1000
1000
1000
1000
1000
1000
1000
1000
1000
1000
1000
1000
1000
1000
1000
1000
1000
1000
1000
1000
1000
1000
1000
1000
1000
11.443369147269792
1000
1000
1000
1000
1000
1000
1000
1000
1000
1000
1000
1000
1000
1000
1000
1000
1000
1000
1000
1000
1000
1000
1000
1000
1000
1000
1000
1000
1000
1000
1000
1000
1000
1000
1000
1000
1000
1000
1000
1000
1000
1000
1000
1000
1000
1000
1000
1000
1000
1000
1000
1000
1000
11.20764552048351
1000
1000
1000
1000
1000
1000
1000
1000
1000
1000
1000
1000
1000
1000
1000
1000
1000
1000
1000
1000
1000
1000
1000
11.770719491558305
1000
1000
1000
1000
1000
1000
1000
1000
1000
1000
1000
1000
1000
1000
1000
1000
1000
1000
1000
1000
1000
1000
1000
1000
1000
1000
1000
1000
1000
8.669759125642267
1000
1000
1000
1000
1000
1000
1000
1000
1000
1000
1000
1000
1000
1000
1000
1000
1000
1000
9.361253076363136
1000
1000
1000
1000
1000
1000
1000
1000
1000
1000
1000
1000
1000
1000
1000
1000
1000
1000
1000
1000
1000
1000
1000
1000
1000
1000
1000
1000
1000
1000
1000
1000
1000
1000
1000
1000
1000
1000
1000
1000
1000
1000
9.170057531228219
1000
11.058422222663761
1000
1000
1000
1000
1000
1000
1000
1000
1000
1000
1000
1000
1000
1000
1000
1000
1000
1000
1000
1000
1000
1000
1000
1000
9.782844515670591
1000
9.15124274527061
1000
1000
1000
1000
1000
1000
1000
1000
1000
1000
1000
1000
1000
1000
1000
1000
1000
1000
1000
1000
1000
1000
1000
1000
1000
1000
1000
1000
1000
1000
1000
1000
1000
1000
1000
1000
1000
1000
1000
1000
1000
1000
1000
1000
1000
1000
1000
1000
1000
1000
1000
1000
1000
1000
1000
1000
1000
1000
1000
1000
1000
1000
1000
1000
1000
1000
1000
1000
1000
1000
1000
1000
1000
1000
10.463733989753123
1000
1000
1000
1000
1000
1000
1000
1000
1000
9.748797207941447
1000
1000
1000
1000
1000
1000
1000
1000
1000
1000
11.279035298586178
1000
1000
1000
1000
1000
1000
1000
1000
1000
1000
1000
1000
1000
1000
1000
8.72866455742237
1000
1000
1000
1000
1000
1000
1000
1000
1000
1000
1000
1000
1000
1000
12.041512889308926
1000
1000
1000
1000
1000
1000
1000
1000
1000
1000
1000
1000
1000
1000
1000
1000
1000
1000
1000
1000
1000
1000
1000
1000
1000
1000
1000
1000
1000
1000
1000
1000
1000
1000
1000
1000
1000
1000
1000
1000
1000
12.07308186582061
1000
1000
1000
1000
1000
10.154792915509786
1000
1000
1000
1000
1000
1000
1000
11.89341318816402
1000
1000
1000
1000
1000
1000
1000
1000
1000
1000
1000
1000
12.149873630067002
1000
1000
1000
1000
1000
1000
1000
1000
1000
1000
1000
1000
1000
1000
1000
1000
1000
1000
1000
1000
1000
1000
1000
1000
1000
1000
1000
1000
1000
1000
1000
1000
1000
1000
1000
1000
1000
1000
1000
1000
1000
1000
1000
1000
1000
1000
1000
1000
1000
1000
1000
1000
1000
1000
1000
1000
9.13180054155173
1000
8.96221384523957
1000
1000
1000
1000
1000
1000
1000
1000
1000
1000
1000
1000
1000
1000
1000
1000
1000
1000
1000
1000
1000
1000
1000
1000
1000
1000
1000
1000
1000
1000
1000
1000
1000
1000
1000
1000
1000
10.376763491101464
1000
1000
1000
1000
1000
1000
1000
1000
1000
1000
1000
1000
1000
1000
1000
1000
1000
1000
1000
1000
1000
1000
1000
1000
1000
1000
1000
1000
1000
1000
1000
1000
1000
1000
9.48550218342918
1000
1000
1000
1000
1000
1000
1000
1000
1000
1000
1000
1000
1000
1000
1000
1000
1000
1000
1000
1000
1000
1000
1000
1000
1000
1000
1000
1000
1000
1000
1000
1000
1000
1000
1000
1000
1000
1000
1000
1000
1000
1000
1000
1000
1000
1000
1000
1000
1000
1000
1000
1000
1000
1000
1000
1000
1000
1000
1000
1000
1000
1000
1000
1000
1000
1000
1000
1000
1000
1000
1000
1000
1000
1000
1000
1000
1000
1000
1000
1000
1000
1000
1000
8.76091796350354
1000
1000
1000
1000
1000
1000
1000
1000
1000
1000
1000
1000
1000
1000
1000
1000
1000
1000
1000
1000
1000
1000
1000
1000
1000
1000
1000
1000
1000
1000
1000
1000
1000
1000
1000
1000
1000
1000
1000
1000
1000
1000
1000
1000
1000
1000
1000
1000
1000
1000
1000
1000
1000
1000
1000
1000
10.33426524084871
1000
1000
1000
1000
1000
1000
1000
1000
1000
1000
1000
1000
1000
1000
1000
1000
1000
1000
1000
1000
1000
1000
1000
1000
1000
1000
1000
1000
1000
1000
1000
1000
1000
1000
1000
1000
1000
1000
1000
1000
1000
1000
1000
1000
1000
1000
1000
1000
9.63911103186164
1000
1000
1000
1000
1000
1000
1000
1000
1000
1000
1000
1000
1000
1000
1000
11.788311224579282
1000
1000
1000
1000
1000
1000
1000
1000
1000
1000
1000
1000
1000
1000
1000
1000
1000
1000
1000
1000
1000
1000
1000
1000
1000
1000
1000
10.826370759152748
1000
1000
1000
1000
1000
1000
1000
1000
1000
1000
1000
1000
1000
1000
1000
1000
1000
1000
1000
1000
1000
12.145321603189489
1000
1000
1000
1000
1000
1000
11.660942329034295
1000
1000
1000
1000
12.631617479793453
1000
1000
1000
1000
1000
1000
1000
1000
1000
1000
1000
1000
1000
1000
1000
1000
1000
1000
1000
1000
1000
1000
1000
1000
1000
1000
1000
1000
1000
1000
1000
12.346689718816405
1000
1000
1000
1000
1000
1000
1000
1000
1000
1000
1000
1000
1000
1000
1000
1000
1000
1000
1000
1000
1000
1000
1000
1000
1000
1000
1000
1000
1000
1000
1000
1000
1000
1000
1000
1000
1000
1000
1000
1000
1000
1000
1000
8.801938040731251
1000
1000
1000
11.924911296875225
1000
1000
1000
1000
1000
1000
1000
1000
1000
1000
1000
1000
1000
1000
1000
1000
12.241516219639536
1000
9.117193537144416
1000
1000
1000
1000
1000
1000
1000
1000
1000
9.961608981015505
1000
1000
10.585033637697393
1000
1000
11.50398500676149
1000
1000
1000
1000
1000
10.924352771185376
1000
10.77651535391627
1000
1000
1000
12.371796561131662
1000
10.726618902009445
1000
1000
9.46431786943698
0.0
1000
1000
1000
11.075431118961125
1000
1000
1000
1000
1000
1000
1000
1000
11.745127513414365
1000
1000
1000
1000
1000
1000
1000
1000
1000
1000
1000
1000
1000
10.603041024385924
12.295765416285128
1000
1000
1000
1000
1000
1000
1.3337639553904652
1000
1000
1000
1000
1000
1000
1000
1000
1000
1000
8.688188053580019
1000
11.663367908149617
1000
1000
12.237126478412529
11.917028385034248
1000
1000
1000
1000
1000
12.04721902241056
1000
1000
1000
1000
1000
1000
1000
1000
1000
1000
11.600929956465398
1000
1000
1000
10.858852625143799
1000
1000
1000
1000
10.066997950817344
1000
1000
1000
11.409511065187754
1000
1000
9.564496540330587
1000
1000
1000
12.641879819234138
1000
8.99806817772353
1000
1000
1000
1000
9.282814530499781
1000
1000
1000
10.310077816891656
1000
1000
1000
1000
1000
1000
1000
11.448885739756225
1000
1000
1000
9.318428385079864
1000
1000
0.0
8.793740904414607
1000
1000
1000
1000
1000
1000
1000
1000
1000
12.146133337784697
1.3333701775582352
1000
1000
1000
1000
1000
9.279811419458916
11.441839521086662
8.799433063409044
10.995738632333653
1000
1000
11.647657639719055
1000
1000
1000
1000
1000
1000
1000
1000
1000
1000
1000
1000
1000
11.06061836407129
1000
1000
11.576294521262033
1000
1000
1000
1000
1000
1000
11.021959242344758
12.19016753295719
11.017827961616025
1000
1000
1000
11.145465699738402
1000
11.909214146732642
1000
1000
1000
1000
1000
1000
1000
1000
1000
1000
1000
11.735152170518367
11.00398371084378
11.180422678246927
1000
1000
1000
1000
10.514614284537197
1000
1000
12.11927714793492
9.096260701284425
1000
10.008215261395447
1000
1000
10.012223469047235
1000
1000
1000
1000
1000
1000
1000
1000
1000
1000
1000
11.22382871286439
1000
1000
1000
11.798845304275467
1000
1000
1000
12.217943949055396
9.202904332144774
1000
1000
1000
9.985987514652159
1000
1000
1000
1000
11.531288465644376
11.686215605578173
1000
1000
10.304344526106464
1000
1000
10.427548240223445
1000
11.683202062853779
1000
1000
1000
1000
1000
1000
1000
1000
1000
1000
1000
1000
10.747957331252758
9.315468520673438
1000
1000
1000
1000
0.0
1000
1000
1000
1000
1000
1000
1000
0.0
1000
1000
1000
1000
0.0
1000
1000
1000
1000
1000
1000
1000
1000
1000
1000
1000
10.120018520067315
1000
1000
1000
1000
1000
11.017792953467053
9.132577986385373
1000
1000
10.590620010694318
1000
1000
1000
12.532278742597981
8.809566601884121
9.15282468889554
1000
1000
1000
1000
1000
1000
1000
1000
1000
1000
1000
1000
11.259928681772774
1000
1000
1000
1000
1000
10.313551647756015
1000
1000
1000
1000
1000
1000
1000
1000
1000
11.033997752838314
1000
1000
1000
1000
1000
10.107752347214461
1000
10.751715628468993
1000
1000
1000
9.311505853580723
1000
11.521919041350126
1000
1.3333340207915765
1000
1000
1000
1000
1000
11.017475427776063
10.726448528962424
1000
1000
1000
1000
1000
1000
1000
1000
10.348325394213616
1000
1000
1000
1000
1000
1000
1000
12.59744124910421
1000
1000
1000
11.081696215276539
1000
1000
1000
1000
1000
1000
1000
1000
1000
1000
1000
1000
1000
1000
1000
1000
1000
9.438932825078417
1000
1000
11.352989027923275
1000
1000
1000
1000
1000
1000
1000
1000
1000
12.124784501284296
1000
12.361713395753927
10.477834654718185
1000
1000
1000
10.550770887152016
0.0
1000
1000
1000
10.72027699070037
9.256391398218856
1000
1000
10.336793086454227
10.460120284524569
12.426701749190244
1000
1000
1000
1000
1000
1000
1000
8.639234262944035
1000
12.123533151016042
12.634789496587217
1000
1000
1000
1000
1000
10.916795705942157
9.56240114232277
8.664784355533353
8.931760830990605
9.161999340218255
1000
9.937189751436648
1000
1000
1000
1000
1000
1000
1000
1000
9.48578227083032
9.505842842303085
1000
1000
1000
1000
1000
1000
1000
10.313032206453075
1000
1000
1000
1000
1000
1000
1000
1000
11.792327409324887
1000
1000
9.142226944780933
1000
12.22798621632062
10.809252240805623
1000
12.591472414364542
1000
1000
1000
1000
1000
1000
10.641035739791224
1000
1000
1000
1000
1000
1000
1000
1000
1000
1000
1000
1000
9.744410473554797
1000
1000
1000
1000
10.880435210801467
1000
1000
12.170436869507206
1000
1000
1000
11.277090368297213
1000
1000
1000
1000
11.443650151215364
1000
1000
1000
1000
1000
1000
1000
1000
1000
1000
1000
1000
1000
10.761062675477504
1000
10.874149739253124
1000
1000
1000
11.537305920445002
10.181229998308869
12.136040474047334
1000
1000
1000
11.380487014166057
1000
9.81999351996884
1000
10.181699030975919
1000
1000
1000
1000
1000
1000
1000
1000
1000
1000
1000
1000
1000
1000
1000
1000
1000
1000
1000
1000
1000
9.280195283528343
10.014272675978376
0.0
9.907087600336297
1000
1000
1000
1000
1000
9.837134932808022
1000
1000
1000
1000
10.881359093086413
1000
1000
1000
1000
1000
1000
1000
1000
1000
1000
1000
1000
1000
1000
1000
1000
1000
10.363778370517194
1000
1000
8.911685973820536
10.622765109762506
1000
1000
10.365062888156816
1000
1000
1000
1000
1000
1000
9.637666283485851
1000
12.473511683871276
1000
1000
11.511108589442758
11.810545402118098
1000
1000
1000
1000
1000
1000
1000
10.276949462639974
1000
1000
1000
1000
9.472949139245475
1000
1000
1000
1000
1000
1000
1000
1000
11.845288742680497
1000
1000
9.722205246491626
1000
1000
1000
12.064603985724254
1000
11.280622015361198
8.656161875553359
1000
1000
1000
11.525044118681048
1000
1000
1000
1000
1000
1000
10.651361079791846
1000
1000
1000
1000
1000
10.891003773718058
9.149757843615895
1000
1000
1000
1000
1000
1000
1000
1000
1000
1000
1000
1000
10.20078954792761
1000
11.611610116559026
1000
1000
1000
1000
1000
1000
8.81511025819878
10.875654401949207
1000
1000
1000
1000
9.346720381190154
1000
9.460484798892361
11.838781356765882
1000
1000
11.75028841917512
1000
1000
1000
12.06214778023297
10.395161479712993
1000
9.364586431580422
1000
1000
1000
9.744250488410135
1000
1000
0.0
1000
1000
1000
1000
1.3342632429322576
11.108335370030128
11.063500561482993
1000
10.044493653199236
1000
12.105127094280228
1000
1.3338214394988246
9.387482547384014
1000
12.235475036660212
1000
1000
9.163426168168462
1000
1000
1000
0.0
1000
1000
1000
1000
1000
1000
10.22848846940933
10.652641003377324
9.34770462228641
1000
1000
1000
1000
1000
1000
1000
1000
1000
1000
11.423238314956382
1000
1000
1000
1000
1000
1000
9.246310537084646
1000
9.1170383521278
0.0
1000
1000
1000
1000
1000
1000
1000
1000
1000
10.657662929740145
1000
1000
1000
1000
1000
9.479511729938405
1000
1000
10.372995225420459
1000
1000
1000
1000
1000
10.131227388892045
1000
1000
1000
10.496672911855647
1000
10.32082617280313
1000
10.744182517288591
1000
1000
1000
1000
1000
10.732701248940632
1000
9.932623203584901
1000
1000
1000
1000
1000
1000
1000
1000
11.280508357705433
1000
10.485399841824174
12.13120803441911
9.305940350445367
8.848170858819186
10.431630838541098
1000
1000
1000
1000
10.850026035650332
1000
1000
1000
1000
1000
1000
1000
1000
1000
11.710109315739352
1000
1000
1000
11.375952727225753
1000
9.996862985535493
1000
9.63081719010105
12.454196546433955
1000
9.27976794757532
1000
1000
11.56781384909228
1000
1000
11.056502740262017
1000
1000
1000
1000
0.0
9.890867872147018
11.34168949806595
1000
1000
1000
9.751946427460954
1000
1000
1000
10.534731543717166
1000
10.405203415051545
1000
9.855171787414058
1000
1000
10.84116447861651
11.599199056464792
1000
10.519823057012346
1000
1000
11.341008970389057
11.42901541060187
1000
1000
1000
1000
1000
1000
1000
1000
11.536030981689892
1000
9.351592280754106
1000
1000
9.986520378660376
1000
0.0
1000
1000
1000
1000
1000
1000
1000
1000
1000
1000
1000
1000
1000
1000
1000
1000
1000
1000
1000
1.3337497522844513
1000
9.035266492069345
1000
1000
9.893766836947805
1000
1000
1000
11.99049626576388
1000
1000
1000
1000
1000
1000
1000
1000
1000
1000
8.866908964197593
1000
9.363428781538348
1000
1000
1000
1000
10.844675540626033
1000
1000
1000
1000
1000
1000
1000
1000
1000
11.93646968092085
9.662224904514176
1000
1000
1000
1000
1000
1000
1000
1000
12.422428880347034
1000
1000
11.130067178219837
1000
1000
10.6499324783359
1000
9.889562132460606
1000
1000
1000
1000
1000
1000
1000
1000
1000
1000
1000
10.75971873923499
1000
11.172082398072321
12.177926561779934
9.564256730456359
1000
1000
1000
1000
1000
1000
12.401916248354606
9.201967577991827
1000
1000
1000
1000
9.918281642511515
1000
1000
1000
8.725347652342217
11.598208180161821
1000
1000
1000
1000
1000
1000
1000
1000
10.409238151934876
8.878518244151808
1000
1000
1000
1000
1000
1000
1000
9.189856014677556
1000
1000
1000
1000
1000
1000
1000
1000
1000
1000
9.227335263183782
10.441672223381675
1000
1000
1000
1000
1000
1000
1000
1000
1000
1000
11.27909290443175
9.524353092666782
1000
12.449735211026152
1000
12.014165047048653
1000
1000
1000
1000
1000
9.28451199344807
1000
12.337048045779472
10.502052002071022
1000
12.524094951828667
1000
1000
1000
1000
9.72136126584864
1000
1000
1000
1000
12.365808879260927
1000
0.0
9.569571773138298
10.811400746750778
1000
1000
1000
1000
1000
1000
1000
9.17619890042905
1000
1000
1000
1000
1000
1000
1000
1000
1000
10.958884936043109
1000
1000
0.0
1000
1000
1000
1000
9.335864641032176
1000
11.925290265434741
1000
1000
1000
1000
1000
1000
1000
1000
1000
1000
10.249707729620447
1000
1000
1000
1000
1000
1000
1000
1000
1000
8.781314551896285
1000
1000
9.275247086196146
1000
1000
1000
1000
10.411339285625155
1000
1000
1000
1000
1000
1000
1000
1000
1000
9.658574819782867
10.57361274302684
1000
1000
1000
9.39028885204199
11.860827370486172
1000
1000
11.747508191647423
1000
10.819282343665751
1000
1000
1000
1000
1000
9.097505174731351
1000
1000
11.6857530922128
1000
9.057651213590105
1.3335832134202756
9.169645308727457
11.505742356199702
9.611940101163114
1000
10.753894256928152
1000
1.3337990033608076
1000
1000
1000
1000
1000
1000
1000
1000
1000
1000
1000
1000
1000
1000
11.27307410774658
0.0
1000
1000
11.057103482491916
1000
10.925052375677987
9.887578053268923
11.50937044109633
1000
11.188022681489189
9.083116635579316
1000
1000
1000
1000
9.278878122007388
1000
1000
1000
1000
1000
1000
1000
1000
8.99501615686803
1000
1000
9.087324797519345
1000
1000
1000
1000
1000
1000
1000
1000
10.537128625598273
9.116801616417812
1000
1000
1000
1000
1000
1000
9.91404278636277
8.835241057636287
1000
10.648859598860373
1000
12.431318340976688
1000
9.800854874908659
9.778694299222007
1000
1000
1000
1000
1000
1000
1000
1000
1000
1000
10.874043613734461
1000
1000
1000
1000
1000
1000
8.729301602681845
1000
9.191722259043143
11.340835654941094
1000
9.302846911340446
1000
1000
9.781544109280201
9.201912097891586
10.658854703474137
9.143794403198708
1000
1000
1000
1000
1000
1000
1000
9.42811644012407
1000
1000
1000
1000
10.871320641158544
1000
1000
1000
1000
1000
1000
11.962078480956746
1000
1000
1000
1000
9.247929368011441
1000
1000
1000
1000
1000
1000
9.074368680419765
8.723458279936088
1000
1000
1000
1000
9.271709587032415
1000
1000
9.736818822689143
9.262048775494227
1000
10.072078069138383
1000
1000
1000
1000
1000
1000
1000
1000
1000
1000
10.156227934184649
1000
1000
9.046077676200339
1000
1000
1000
11.572957100075774
12.498090396260203
1000
12.484925418564972
1000
1000
1000
1000
1000
1000
0.0
1000
1000
1000
1000
1000
12.227453768132628
1000
1000
1000
1000
1000
1000
1000
1000
1000
9.593750203556413
1000
1000
9.805767696686377
8.696993907443451
1000
10.984267178225604
1000
8.91007887239612
1000
9.517680178034174
1000
1000
1000
1000
1000
1000
10.41653079002966
1000
1000
1000
1000
1000
1000
1000
1000
1000
1000
9.937877635635125
1000
1000
1000
1000
1000
1000
1000
1000
1000
0.0
12.308669904183088
12.629880605420817
1000
1000
1000
1000
1000
1000
1000
1000
1000
1000
1000
1000
1000
1000
1000
9.706958177572812
1000
1000
1000
1000
10.098798744423044
1000
1000
1.3333609816851235
1000
1000
1000
1000
1000
8.950800891492257
1000
1000
1000
1000
1000
10.062983821161659
9.800873515114013
1000
1000
9.182175413926913
1000
1000
1000
0.0
1000
8.93089027669037
1000
1000
12.57024031313771
1000
1000
1000
1000
1000
1000
1000
1000
1000
10.940594848888871
12.383484417439476
1000
1000
1000
1000
1000
1000
1000
1000
1000
1000
1000
9.891999325557096
1000
1000
1000
1000
8.85474560523733
1000
1000
1000
1000
1000
1000
1000
1000
1000
1000
1000
1000
1000
12.619514074686244
9.859964326522212
8.756486250478028
11.025870836521316
10.200432793970037
12.615113780367682
12.425296028686951
10.208411924466109
9.459180654383141
11.625384476039057
10.593930525415203
10.893201984384502
11.578769949228041
9.937993105030797
10.674834723893426
11.400929757620762
8.97092980705314
10.282423587964741
9.415552051269954
10.311889567367926
10.818770386800477
11.7086950639804
10.515687102829972
0.0
12.291148389394568
11.368320862541202
11.031342433686895
8.728410600624994
12.614235743044322
12.175861207333503
9.833047782487334
9.029955678725626
1000
9.846487026128118
8.837425344160938
9.639220714359736
10.119901633021069
11.343324549582398
12.3710394255847
8.654588477882141
8.96237170114136
8.755790597523607
1000
12.291033674947531
0.0
12.136455087499607
11.561142315419714
0.0
10.481434633013917
0.0
1000
0.0
9.820678371340687
10.43471377944844
9.058674132242917
9.595784343064606
9.920227945029696
12.34198713146885
1.333708504332544
8.853492832009929
11.291433950555264
12.472472308381596
1000
9.628773454282493
9.299228236260209
9.212353616145258
11.283881785227678
1.33351774660517
12.400291500684384
0.0
12.376364946297848
11.66431804816801
0.0
12.431317753595856
0.0
8.823334020398335
1000
0.0
9.059278533848573
11.431997177373411
12.0451725547169
12.380990955400263
12.36568632881126
9.38947406691182
12.550883353904704
0.0
1.3337168150207437
11.535386771873178
12.284023819601314
8.934405368690891
8.708082764747562
12.099940626905784
0.0
9.56970632002451
11.194133755959955
9.023422026310504
10.136469609208502
8.82456720395391
9.040656092140756
9.03521969270249
10.932933480585632
0.0
8.861422951584501
9.074547096727283
12.00739191265164
12.584514759701845
0.0
12.271583485759376
9.6930309367147
11.616736879982877
11.340802614039328
0.0
9.103888588680618
8.913307922230292
0.0
11.342196400003441
11.334893035302795
9.447555402670234
0.0
9.392805129861285
0.0
10.59919938815907
10.233172145440076
11.666891206365317
12.096102959164396
12.093545969940982
12.513531705565427
11.969915273911646
12.405566709033748
11.788726810437321
8.727611276201085
11.952995192692482
1000
9.598776475353565
9.016394554364407
10.09890554635047
11.410867941210427
10.626472137633897
9.105909580444377
11.119252025582453
9.255100359179446
1.33368117487464
0.0
10.312585203605696
11.197822420573763
12.108230700668976
10.077337855783796
0.0
10.232599685871874
10.97554025037215
10.98086608358912
9.336245162150849
11.912304021871504
10.804401506364318
9.196504078250832
10.985289493564963
12.540922962468473
11.869435642469321
11.840821761789531
10.349755710669893
12.219583445845249
0.0
9.768186290747868
0.0
10.25088818314321
12.619365240945614
9.10136854403992
10.75113490160437
12.252431875931956
9.501580358598808
11.069741632266668
0.0
9.135044853928871
0.0
0.0
10.687317855742261
1000
8.643595230140734
12.448092382168731
0.0
9.262834327582043
9.594967484837227
8.873808941864832
1000
11.296806719105026
0.0
10.826034362837136
0.0
9.269167139006132
0.0
9.630624025082273
0.0
12.581488984642585
12.272597619886922
10.330987059868441
10.740241407894448
12.41412031769646
9.5562048014479
1.3337015178735285
12.260165171342276
10.637425055142634
0.0
11.739445043066118
11.062077713980727
11.134172772191471
11.368986857593802
11.966392252756844
1000
11.106036151328723
12.140235283388666
1000
8.83068669193932
0.0
9.554793570123726
9.371564905205448
0.0
10.929139655456401
8.831689741843046
11.233718971732323
10.983067161551903
0.0
0.0
10.534620650690151
1000
9.430171896606518
11.817038360036301
11.828198520792624
11.66771782390029
9.449852631531531
1.3335295448015616
12.149729401004672
8.973045747133586
9.572036173037871
12.108695173998015
10.60107264571593
12.551484012958177
12.593967775877605
10.640627965266324
11.420118860933535
10.967217626421078
11.029945019978562
10.94305351213418
10.612402450530757
0.0
0.0
10.933349183274785
8.940865067591517
0.0
1000
11.168984228605982
8.994135671542395
1.3341628641171832
8.66840545526655
9.954918488636036
10.544061227104669
0.0
0.0
9.774266993213937
1000
9.129471889777413
10.990465588002865
0.0
10.985231369742742
9.227220250664066
8.869927943604972
10.494880963093001
9.157326164559295
11.216348105176927
11.311708141206719
11.796680910916427
9.170176737631513
11.571038604580684
12.13223349617578
0.0
0.0
10.111525239408587
11.877278568560643
10.920129177507292
9.633899130206816
9.551155094824736
0.0
10.337737816591556
11.22887152374955
9.648686971716163
10.541647506988276
12.63714237788034
0.0
10.135716354558244
9.493494934398587
11.771176324117686
10.969340198482673
0.0
12.405572439671218
8.9093818625094
9.415332639174034
0.0
1000
10.412456350776111
10.369488639672529
0.0
8.655147541593276
10.654981061591114
12.06001911805157
8.83960895421698
8.99832325618699
10.722777698466828
9.989081989034162
10.208070140941858
9.004908197953466
9.27815049926971
0.0
1.3341987618104885
9.970507548174462
11.515518023339053
11.15316078823223
8.751068422575823
0.0
12.106238063453711
12.313832190969638
0.0
1.3334541594448095
10.760015467828808
9.455932595714403
11.98296554222101
12.023664296810102
9.863198949901193
9.003691351047284
1.3342322788989487
9.623149215727041
1000
9.668268848514288
0.0
10.14211353113769
0.0
12.066624627476001
1000
11.585237397139823
0.0
1000
10.852876495277755
11.38848103630495
9.285622824573096
9.852861979793209
9.441146480344623
10.640310507386198
0.0
12.36199288539438
12.28314592921273
12.058715595056047
0.0
9.49526301407114
10.963541931986002
11.91942298565722
0.0
11.149613470570115
10.48309341593981
0.0
10.963646301662864
1000
9.108197194261898
9.987806043399756
9.434188971661753
0.0
10.101740409906537
8.868314290457999
9.137716494092087
9.282147641307494
11.93526155951079
10.936099153590058
1000
11.894698916169615
10.928772992955865
9.640469649221032
9.623298486471656
8.83505167046829
12.254526794795895
12.037966082117052
0.0
11.06159505663774
0.0
9.617306825402675
12.409635821069525
8.966553873345728
0.0
9.640775892373767
0.0
9.912716717528271
0.0
9.080696697692705
12.594273663142346
0.0
0.0
1000
10.561437732524015
12.478900460918126
12.645888659261983
9.267195035719721
11.957085204046189
0.0
12.06708295196989
12.601557793472356
11.237582780517544
9.130236288789774
11.071671707137636
9.754311964956903
10.365478595773006
10.725948239776503
9.59692607274444
9.15946396216999
1.3341439440695633
11.04632079503867
1.3336294102724258
1.3336235444758122
0.0
9.59865798689106
11.88974646484424
9.339520765074697
11.452680066349684
9.681324561759247
1000
1000
0.0
1000
11.036227101424585
0.0
11.866463057046143
0.0
1000
0.0
9.505963418247422
0.0
9.592692112734195
11.304527145531424
10.576571538229235
10.589791038690086
9.980802211465576
11.096889621040853
10.039872716041415
11.242015759958376
0.0
12.59852380385345
9.502412036827266
10.913624032484522
10.581550890791176
11.46149540174419
11.085512505886488
12.103739715698143
11.378351023200239
9.61383338691508
10.787012345186266
11.958250138004257
0.0
9.344921262783545
12.143733351609486
12.270263771163137
9.06677146214085
0.0
10.954220918595315
11.540536982955569
10.261084317814616
11.297233577319181
1.3342016242135863
11.093645916432113
9.673360111065577
10.442057047650557
11.267886618253899
11.890456808696593
8.804199249081345
11.101210293245709
9.976994512091128
10.378289821219552
11.161206645770429
12.226379396364726
10.10032794809974
10.309335401021663
1000
0.0
0.0
9.21237730825136
9.68906215641037
10.084256508467485
9.895466048827808
8.72108491713814
9.18464565454438
11.547728115857735
1000
10.796440329266721
12.04827996966118
1000
9.007803633343467
11.583400761837416
11.786068435644694
11.595820485424381
8.911973679215583
11.226762611507045
11.122028589119521
10.747483286435385
9.3931252678628
0.0
11.302293759701385
12.175304776462173
11.23635488974054
11.93502038629394
10.15843769619265
1000
11.284086600181897
0.0
1000
9.073287876517803
9.134795834945722
10.136868113672708
10.7664183097634
0.0
8.893517192394906
11.428045167203539
11.285187672036797
9.25300030565238
9.627032389646773
8.701835052152022
11.975301719843172
11.804016334372585
1000
11.058136582382446
10.025325420581776
12.095019334483444
11.788517394199934
12.456945743474673
11.777621890219153
1000
12.01657152966915
11.37377406248
9.70188818838036
0.0
11.085007283876791
10.749956561406341
11.081792691878025
9.85693436361227
12.295238705823143
11.425620721750416
12.582102349718134
12.223028212904497
9.416782668018051
10.669340264704449
1000
0.0
8.843689003576273
10.250908114777108
0.0
9.03331993213205
12.532937028219747
10.576021501622655
11.53822153802308
10.77306893919023
12.171809308154371
10.370494753055587
0.0
9.54888916277214
11.582749087276897
12.25352307938297
10.855515655336667
0.0
9.802337746088583
0.0
10.22403535013874
0.0
12.175741592500197
11.79628792101064
9.468301360000483
1.3342378294693928
0.0
1000
0.0
0.0
11.694672606921971
10.554275892423354
11.453751307475304
12.419996447329726
8.96644003047826
0.0
10.684418138355122
9.34581849355655
12.138948920686454
9.082951865834735
12.394639984860003
10.916383238414676
9.354734575685518
1000
9.984157209558525
10.665320759687809
12.127699980040433
0.0
11.724902405319597
10.156515730054682
1000
12.504542028385794
10.477084564578067
9.422395392261263
9.823092168362432
0.0
10.77830351423774
0.0
12.497618758338653
9.344486262899496
9.842818698058977
12.285775291883265
9.89279778668716
11.411817612139382
9.355163506641308
9.039061465818028
10.77066693720618
8.926772425620406
9.194637378255992
8.94177857395376
12.366323772791246
1.3334713069904085
11.218691537293711
12.549180497857835
11.61641740431687
0.0
8.862359966292752
0.0
12.084310304043841
11.954271322631602
1000
9.294867028931808
12.01161647165511
11.701482680921773
12.648384818391902
0.0
1000
11.530449158322988
8.727488810055348
1000
10.319353351778318
9.851306852157144
0.0
0.0
0.0
1000
11.24666298047299
12.09519541807302
8.843872173830988
0.0
8.76199910652022
9.489917264674261
12.0739829583415
8.9046062453041
11.164396506219692
9.475636193185586
10.830140368949436
12.46254629460553
11.358510612568173
9.774087298602364
11.993846994149273
10.160161414873373
9.342462206584132
10.668482315117817
1000
9.803495324100805
10.73684390287993
10.686992772526471
11.131727868120002
11.224040334595484
10.641216206651098
11.568360302482475
11.732970702934765
10.425381137142818
9.339137945616907
10.599452828667582
9.97808073520723
0.0
0.0
11.268770035382268
0.0
10.420170469478094
0.0
9.082149532349773
12.17885825002195
9.61385982218244
11.487335877240799
12.214868125687165
11.709850103817717
9.920487871039805
9.429277155800515
9.284023308136776
1000
8.981394136028285
11.520398867149323
11.605350073054781
0.0
9.791578752795074
0.0
9.535031108324388
8.974786292869078
8.67612908207008
12.558839071419428
11.848001583678077
9.043458689343266
11.736024336065139
11.069795973881808
11.95070530723377
12.509580151104743
10.032453727934264
1.333595984115619
12.200240902815176
10.16195187105841
1000
0.0
11.580484787912797
0.0
8.793683853885595
8.784568315166368
10.884302663772942
11.84365775719606
12.018865234319122
0.0
11.867144453514898
9.618813020825348
11.863162104690009
10.294120053867422
10.927162170235293
1000
1.333569170457832
11.928576089185642
11.751517645332656
1.3335014382744188
10.991152405198683
11.700549927951869
9.422135198510217
0.0
9.020586031010996
11.192736263887966
0.0
9.295327134229167
10.78170352568049
9.706485138343837
9.655147105124236
9.904479633802802
0.0
8.817530892259173
10.573305078592202
0.0
11.356523443447363
9.951520162556422
11.139271264002126
12.449124212513384
11.15594708424351
9.449279740990526
12.314214340821929
10.784415775478779
0.0
11.16636123036745
8.806562087313118
10.296673474535677
0.0
10.473001938813823
12.0200819812419
9.369345671967764
10.406334603416418
1000
9.504270709550337
9.836203731744497
9.602508183317232
10.890890083557624
12.139459227414445
0.0
9.981007282036327
1000
11.644471749462916
0.0
11.856368716790966
11.455824490761827
