9.678268114042817
1000
12.01175696761047
1000
10.528510929774619
1000
1000
1000
1000
1000
1000
1000
1000
1000
9.85580669020545
1000
1000
1000
1000
1000
1000
1000
1000
9.98078218617607
9.109069301262386
11.08220092903032
11.543806188204881
11.842445324677513
11.86644094344485
1000
1000
9.363344174946464
1000
9.695548425428159
1000
1000
1000
9.899380858291462
1000
1000
1000
1000
1000
1000
1000
1000
1000
1000
1000
10.180914166311206
1000
1000
1000
11.075703547650694
1000
1000
8.601347977381915
1000
1000
1000
8.923815689110162
1000
1000
1000
1000
1000
1000
1000
1000
8.165089638745581
1000
1000
9.323940884362898
9.646686507487768
1000
1000
1000
8.720291912267033
1000
1000
1000
1000
1000
1000
1000
1000
1000
1000
1000
1000
1000
1000
11.376181707907133
1000
1000
1000
1000
1000
1000
1000
1000
1000
1000
1000
1000
1000
1000
1000
1000
1000
1000
11.748552420260241
1000
1000
1000
1000
1000
1000
1000
1000
1000
12.066790845012266
10.097839197317306
1000
1000
1000
1000
1000
1000
1000
1000
1000
1000
1000
10.079126150014595
1000
1000
1000
1000
1000
1000
1000
1000
11.696885704306169
1000
1000
10.7086718667547
1000
9.036822431760235
1000
1000
1000
1000
1000
1000
1000
1000
1000
1000
1000
1000
1000
1000
1000
1000
8.406091925011044
1000
1000
1000
1000
1000
1000
1000
1000
1000
1000
1000
1000
1000
1000
1000
1000
1000
1000
1000
1000
1000
9.011645660147842
11.666795972956402
1000
1000
1000
9.60456871100184
9.991407605557201
1000
1000
1000
1000
1000
1000
1000
1000
1000
1000
1000
1000
1000
1000
1000
1000
11.86154502173291
1000
1000
1000
1000
1000
1000
1000
1000
1000
1000
8.834115159436037
11.117007207120986
11.835711193098033
1000
1000
10.085395127182453
1000
1000
1000
1000
1000
1000
1000
1000
1000
1000
1000
1000
1000
1000
9.875212973186965
1000
1000
11.4094572877565
1000
1000
1000
1000
1000
1000
1000
1000
1000
8.986046492246832
1000
1000
1000
1000
8.844415473118687
1000
1000
10.841132011314919
1000
10.067200029398045
11.627313209726578
1000
1000
1000
1000
8.111747484978
9.462801477997546
1000
1000
8.441063595077464
10.097327243823502
1000
1000
10.882944757454494
1000
1000
1000
1000
1000
1000
1000
10.142606584110007
1000
10.701765256224158
1000
1000
1000
10.533653326859088
1000
1000
1000
1000
9.479537669849298
9.332913697923106
1000
1000
1000
1000
1000
8.698554859365016
1000
10.599584186072086
10.215055246842876
1000
1000
1000
1000
1000
1000
8.245091277500928
1000
10.666732607335693
1000
11.768970625595516
1000
9.010930822335318
1000
8.17551628227785
1000
1000
1000
8.741853952489148
1000
1000
10.325777075840485
1000
1000
1000
1000
1000
10.695106670713246
1000
1000
1000
1000
9.654646852611577
1000
10.801791000701552
11.522345332677224
9.501491981130188
10.958068551014314
11.95342769912277
11.826507634272147
10.657595834514835
1000
11.789893485343002
0.014146864230102526
9.439175300400912
8.418400290597083
10.905688704540296
9.877924452577554
1000
9.27878619047201
8.80180531024703
1000
8.463057093831388
9.77139446059045
1000
1000
1000
9.702236385286719
1000
1000
1000
1000
1000
10.472594387197486
11.964396281680818
1000
1000
8.541534121367256
1000
1000
1000
9.074384520925982
9.063467461644821
0.013342865976233683
1000
1000
10.893100236549886
1000
10.269987128623578
1000
1000
11.281353775321493
11.51297093051596
11.574595749635952
1000
8.454712023824714
8.270903836539786
11.842002051067265
10.444856319990297
1000
11.876011227126618
1000
1000
1000
1000
8.431773533314603
11.937267744471733
1000
1000
8.6656267076063
1000
1000
8.989786111022912
9.564878685293603
1000
0.0
8.420567092374892
12.051722310448387
0.014246068233619397
1000
1000
8.683124451410874
9.884830355615138
1000
9.331980360888295
9.386961463250499
1000
10.875301499400443
11.711962528940369
10.900608158753453
8.676807217609964
8.555212628221412
1000
1000
10.732078787182905
1000
10.942448204468162
9.240984818805941
1000
1000
11.155515849248125
1000
1000
1000
10.937339319357994
8.176113227080279
1000
8.652384000322405
9.200345058778153
1000
1000
9.581959969814156
9.969613554750502
9.33578382983775
1000
9.85572563542953
1000
11.904515975156336
10.95645259248544
12.076959918765047
11.704907676128439
8.850620948266481
12.087835893508744
1000
11.761402669520788
1000
1000
1000
1000
1000
1000
1000
1000
11.114910246932173
8.162291896592837
8.705047304702012
10.714140074698747
1000
9.406710875866521
12.020695423590238
1000
1000
1000
8.907185312480065
12.028008012794183
11.875676697715452
1000
1000
1000
1000
11.892108941206622
1000
9.817646289589629
11.999374310745347
1000
10.126676685971342
1000
1000
1000
0.0
1000
12.007762115569301
1000
9.297373878606775
1000
8.977629415773665
9.597086995356966
1000
11.752750267542464
9.52785018331435
8.733579626856415
1000
10.35352937503053
1000
1000
1000
1000
1000
1000
1000
11.58340378362355
10.496174959929483
1000
8.816727075044236
1000
11.454222498492166
1000
9.416693694702886
9.456270382950754
1000
1000
1000
1000
9.50619727651195
0.013458078544142603
1000
8.549133536956196
12.067606959166291
11.421777895737252
1000
9.333247906354481
1000
1000
1000
11.190257870633408
11.734221279086082
1000
1000
1000
8.533165461215914
10.550777984322366
11.794259539386552
1000
11.057615317324604
10.445159628117139
10.238676310855297
1000
9.482910293706484
1000
9.814154027323285
11.541403043799688
0.0
11.183096674470038
1000
9.493988424875418
1000
1000
11.670055437534302
1000
10.219462236075575
8.763741669926919
11.704305437119118
9.999212295552601
8.452969541834296
8.175626459882318
11.469307375943297
1000
10.691480692127897
8.344334395725316
0.0
8.270415772299648
8.237874887026571
1000
1000
9.709587409292528
12.099661375107708
1000
1000
9.546732092735494
1000
1000
1000
1000
11.59207512344757
8.300698129320278
1000
10.025866899482448
1000
1000
1000
1000
1000
8.904585594745814
1000
1000
9.453007369256106
12.06103567813999
9.899749743101326
11.951178628759036
8.151407615625482
1000
0.0
8.152542979914681
8.654506824632822
8.958665051830042
1000
11.613115609806114
9.012767668959237
1000
11.49278216664899
9.70660176915584
11.862154434055396
0.0
8.204159887262747
1000
8.609241945323275
1000
0.0
1000
11.115488768291787
1000
1000
1000
11.004532223772415
1000
1000
10.397986766174654
1000
1000
0.0
8.129120025458766
1000
0.0
8.333227893128518
0.014096884755007078
1000
10.67425206262666
0.0
9.067128767528857
10.140392160145916
1000
10.9283999099436
1000
1000
10.998962297174652
0.013726106663356698
8.361657242242254
9.489369602443219
9.074717338078436
1000
9.484285022458414
8.88973806921087
1000
1000
11.299965008499973
8.466634288038588
9.040064186982276
9.677779675472303
10.690482478460039
8.589018393413761
1000
8.582543509642283
1000
1000
1000
0.0
8.388526865783112
1000
9.562121548373677
1000
10.117389346024169
8.804427476443353
1000
1000
8.773957677132385
10.99794382780817
11.316741842887918
1000
1000
8.599542021998694
1000
11.914707697521935
10.931454923405273
10.539733811277403
1000
1000
9.80232422151143
1000
1000
1000
1000
11.706050831342422
10.075397039609651
1000
0.0
11.601297030709485
1000
1000
11.791422236292332
10.731384089806465
10.049120735766634
10.814040072586115
0.0
0.013809881745049329
1000
9.34351407998772
0.0
1000
1000
1000
1000
1000
1000
0.0
1000
11.951443766823035
11.849595825546706
1000
1000
10.285864060592951
1000
8.57422764368142
0.0
1000
0.0
0.0
0.0
9.938744092211984
0.013564381232237244
8.165821728659994
1000
9.507773315507459
10.776561509530072
1000
11.027427811741958
1000
1000
9.953096160494924
0.013516173536561477
1000
10.025564466083706
0.0
10.784875880398312
1000
0.0
11.978263748459483
1000
1000
10.404245047713594
1000
1000
1000
1000
1000
