11.703709744544833
1000
8.168984492280755
1000
1000
1000
1000
1000
1000
1000
1000
1000
1000
1000
1000
1000
1000
1000
1000
11.267389452475143
8.855210788990435
1000
11.5439029405036
1000
1000
1000
1000
1000
8.835188450744413
1000
1000
1000
1000
8.797567387853649
1000
11.53540933473993
1000
1000
1000
1000
8.977074708991077
11.895236315007788
1000
8.514098837004699
1000
8.948533637328305
1000
1000
1000
8.97072282064804
10.525900879877353
11.737365824751505
9.425452876297332
1000
1000
1000
1000
1000
1000
1000
1000
1000
1000
1000
10.096192801368135
1000
1000
1000
1000
1000
1000
1000
11.27388739049214
11.450605721509207
1000
11.942305313895469
1000
1000
1000
1000
1000
11.500566424570831
9.848597030502455
1000
12.114452450738048
10.075595036238663
10.782908159552573
1000
1000
1000
1000
8.935279196290498
1000
1000
1000
1000
1000
1000
10.011205765909159
9.907726710481015
1000
1000
1000
1000
1000
9.347748293573083
1000
1000
1000
8.759992345986037
1000
8.172942909681677
1000
1000
1000
1000
11.2916941913809
1000
1000
1000
1000
1000
1000
1000
10.354573327868524
9.597954433176776
10.796141073885211
1000
1000
1000
1000
1000
1000
1000
8.690322316118543
1000
11.059395257655614
1000
11.186458770046386
1000
1000
1000
1000
1000
11.165325513802419
1000
1000
1000
1000
1000
10.302639174652887
12.064329568133504
1000
1000
1000
1000
8.217661848465921
12.021852738643624
11.995114342937786
9.30194114032412
10.15120531194675
1000
1000
1000
1000
1000
1000
1000
1000
1000
1000
1000
8.356305819242097
11.654192771550381
10.009376118806669
1000
1000
9.990782549143633
8.692583758518145
1000
1000
9.41143675913128
1000
1000
1000
1000
10.997207487625262
1000
1000
1000
1000
8.288047638617586
1000
8.829183012422483
1000
1000
9.947180923400664
1000
1000
1000
9.505848922101766
1000
1000
8.159251572560866
1000
1000
10.602999273150019
9.9635434449022
1000
10.167229294918577
1000
1000
1000
1000
1000
1000
1000
1000
1000
1000
1000
1000
1000
9.750778014007869
1000
11.565562458197572
1000
1000
1000
1000
1000
1000
8.998187642637582
1000
9.853713632586851
1000
9.459949791514214
9.091895467172696
1000
1000
9.8447551405555
1000
1000
1000
1000
1000
1000
1000
10.095043524972903
1000
10.432870703882589
1000
1000
1000
1000
1000
10.204542649307207
1000
1000
10.726649659924465
1000
10.080053876527629
1000
1000
1000
1000
1000
1000
10.785087606460161
1000
1000
1000
1000
1000
1000
1000
9.505075896886353
1000
1000
1000
1000
1000
1000
1000
10.56902709129908
9.408876592865587
8.533409916270134
9.873726787627758
1000
9.123747866589591
9.61462755384773
1000
1000
1000
10.665892020498577
1000
9.904030786974657
9.660039692403483
1000
1000
10.159857461614592
8.131410230089909
11.353766933380538
11.588104690777794
9.923068262291613
1000
1000
10.236887315932453
1000
1000
11.315857159301006
8.806188736571286
1000
9.700854362480547
10.182083150265203
1000
8.58084606411483
8.70237116605703
1000
1000
8.896161899161621
1000
11.979742949114403
1000
8.41930024746115
1000
10.041743558722892
11.521965917625293
1000
1000
10.00112842460118
1000
1000
9.19782770230208
1000
1000
1000
11.508902578057967
12.071857236680739
1000
1000
8.73412340513045
1000
1000
11.771224713623894
9.17685230998319
1000
12.059106496269301
1000
1000
1000
1000
10.249965119494698
11.179403318091364
1000
10.349764265706456
10.081629863872774
9.07177199705563
11.660182341263386
1000
9.549186938316376
1000
1000
10.462042428014481
1000
1000
8.88936176449993
1000
8.793909460469113
1000
8.656917078071881
10.242062386093343
10.466343867544511
12.108184456841794
8.76850291094729
10.175768856864195
1000
1000
9.535584508885536
1000
9.481133854406709
11.722256933055716
10.689133362946176
1000
10.300664401395608
1000
10.109578777141632
1000
1000
8.716005997157202
11.18276659955241
11.17417578423779
1000
9.571515099837315
1000
9.037880948585995
10.49251462762083
10.451597242950854
10.534059588370958
1000
10.452669133928358
12.047618108674618
1000
1000
1000
1000
1000
1000
1000
8.556956352467548
11.655234221889138
9.460757794293684
9.13152978578371
8.65584944238824
8.582460432612342
9.404498693432084
1000
1000
1000
9.553365221746567
1000
1000
1000
1000
1000
10.446793358809508
1000
1000
1000
1000
11.601749082897046
8.128607424048843
1000
9.854625762657749
11.80622026223468
1000
9.777239872705765
1000
1000
11.775949635890187
1000
1000
1000
1000
1000
1000
1000
1000
1000
1000
8.466413724758635
12.048384121460822
1000
12.015432013800993
10.221706755752589
10.893271408048072
9.267969946558512
8.389391383000634
1000
10.37473432209262
1000
1000
12.053523664303288
9.440443518836014
1000
1000
1000
1000
10.100654885240406
1000
1000
1000
10.280781975531005
1000
1000
10.895638846085317
1000
1000
1000
10.740098930492794
1000
10.604896383328708
1000
10.411310779878013
1000
1000
1000
1000
1000
1000
12.061392127530047
10.7833173691376
10.55222356680535
10.057862574152193
10.0328266871404
1000
9.587306764542856
1000
1000
1000
9.747422228745537
1000
9.99312047439187
1000
9.053647310380862
1000
1000
9.167942806928945
1000
1000
1000
1000
1000
1000
1000
11.524446804953739
1000
10.654687919976352
11.086898763498438
1000
1000
11.517192826557128
1000
1000
1000
1000
1000
1000
9.320642429362863
9.554409850177821
8.809144339599674
1000
8.744613628441028
9.403034632115821
1000
1000
10.008557907447361
1000
10.723318953856092
10.890643830193833
8.572050422737524
9.256768952891232
1000
8.401557772900416
1000
11.172010062377112
9.878435637174151
1000
1000
11.264860751298869
8.788120940156213
8.86409276276641
1000
11.315653626439556
1000
1000
1000
9.459551177067537
1000
9.052622685850643
11.848307124521513
1000
10.931059085267474
1000
11.772767666110074
1000
1000
1000
8.345280203124824
9.857691989568332
1000
1000
9.576181679701993
10.626900453049394
8.958304912853592
1000
10.094560303137259
1000
1000
1000
10.921802886679584
8.263034609645441
11.66692319537455
9.550338498412907
1000
9.28735049988024
11.324888688945572
9.249559394915451
1000
1000
1000
11.359045256636943
1000
8.1940471947561
9.988634446481115
1000
8.7068453857572
1000
8.396440678065217
1000
8.69908826842694
1000
10.53289747981415
1000
1000
8.53886981245503
1000
9.160541355031345
