11.823022609955496
9.819658745745759
1000
1000
1000
9.404201154320676
1000
1000
11.467082276307227
1000
1000
1000
1000
1000
1000
1000
1000
1000
1000
1000
10.106237643401936
1000
1000
9.8327953389988
1000
1000
1000
1000
1000
11.35388901945037
11.855270160974998
1000
11.027589575907966
1000
1000
10.426385561152106
11.756217651131397
1000
1000
11.032272653521199
1000
10.10491520999865
1000
1000
1000
1000
1000
1000
8.723943208595095
1000
1000
11.542161872346103
1000
1000
1000
1000
1000
11.476725430320204
1000
1000
1000
1000
9.340526505320925
1000
1000
10.695827617262038
1000
1000
1000
1000
11.488369446623492
1000
10.545653919908691
9.114084484940598
10.76323540355087
1000
11.829505712461936
10.475812271347667
1000
1000
1000
1000
1000
1000
1000
1000
1000
1000
1000
1000
1000
10.575078143312219
1000
1000
1000
1000
8.70436503537099
8.754772063673407
1000
1000
1000
1000
1000
1000
1000
1000
1000
1000
1000
1000
1000
1000
1000
1000
8.7180247647647
1000
1000
1000
1000
1000
8.763799640857487
9.695095037734072
1000
1000
11.095691304342393
1000
8.250923467758343
1000
11.331314498468647
1000
1000
1000
1000
1000
8.795799098126244
8.23640469391555
9.975293468725072
1000
9.627356163902142
1000
10.454527095152505
1000
1000
10.697166370402709
1000
11.815295025623167
1000
11.55550916480784
8.796244013143555
1000
1000
1000
1000
1000
1000
1000
1000
1000
1000
1000
1000
1000
11.248332079393794
1000
1000
1000
9.638991849867377
1000
1000
1000
1000
1000
1000
11.042737394923453
1000
1000
1000
1000
1000
8.391827451893233
1000
9.12925748345101
1000
1000
1000
1000
1000
9.56635415257316
9.041561987475337
1000
1000
1000
1000
10.654465032103916
1000
10.56705256241515
1000
9.660077169614729
1000
1000
1000
9.637486883648481
11.382460620397765
8.814871079762533
1000
9.957811639180406
1000
1000
1000
1000
1000
11.872973234418476
1000
1000
1000
1000
10.750779828905465
1000
11.817057502108717
9.817251565804948
1000
8.672084538528138
11.500652528854205
1000
1000
1000
9.002455406980896
1000
9.824034418875518
8.908910021995538
1000
1000
1000
1000
1000
1000
8.221387438835622
1000
1000
8.727341970788626
1000
1000
1000
1000
1000
1000
1000
8.438959723145807
8.759730243369892
1000
1000
1000
1000
9.259483414050022
1000
1000
1000
1000
8.575917201324886
1000
1000
1000
1000
1000
9.63338985129064
10.315337717419013
11.274240515838054
1000
1000
1000
11.840786935525974
1000
1000
9.628508736919946
8.700933910066828
1000
9.641712174565798
10.845656057308279
1000
10.736435128968768
8.40914788697437
11.522172801689319
10.924680234801219
1000
1000
11.832173858940559
10.170789728158269
1000
1000
11.893872201163395
8.567077069209212
1000
0.0
1000
1000
1000
1000
1000
0.0
1000
0.0
8.25263011237612
10.753359449237038
1000
8.82969226724636
1000
1000
8.528315736571079
0.013879166439510454
11.778528538176255
11.619054522196645
8.653145806836973
1000
10.4528977275045
1000
1000
1000
8.92138528804146
10.038992087977144
1000
10.485565013383548
1000
1000
1000
0.0
8.730820301930134
8.528389465305311
8.820692287746578
10.892310683915754
1000
1000
1000
1000
9.645876742445342
1000
11.738446221168102
1000
1000
12.004110076382196
1000
10.07846942541928
1000
9.749431420143214
1000
1000
9.689510907267778
1000
1000
1000
1000
0.0
8.879734816309789
1000
9.551479695063982
1000
11.5159085682091
1000
1000
1000
1000
8.281557224972206
1000
9.748595959642442
1000
1000
11.667889876426084
1000
11.7769098212128
8.559934296570574
12.04793762201973
10.33429337654483
1000
1000
1000
10.214248165172172
0.0
1000
1000
1000
1000
1000
1000
9.683758905900092
1000
9.550522884015267
9.989810006261022
11.170481777832537
8.26431047403429
8.415745587088994
11.931539317787331
1000
1000
1000
9.327025016273637
1000
8.471767085123119
1000
1000
11.68106799068265
11.099558521277686
1000
1000
1000
1000
1000
1000
8.668088943611204
1000
11.342797606412987
8.508249785933078
1000
8.915179524247733
1000
1000
1000
1000
8.459278592764521
1000
1000
10.699874311462139
10.018589855108475
1000
8.187035571266927
1000
1000
9.583106051416616
8.626031259428114
11.614221340797721
9.304375543813652
1000
1000
1000
1000
10.533142049541935
0.0
11.222897464453554
9.894384389515377
1000
1000
9.381173513980558
1000
1000
8.733501873472598
1000
8.864584202574198
10.91670769490952
1000
1000
1000
9.211567672688929
0.01361851188615766
1000
1000
9.578645738245925
1000
1000
1000
8.3235923138954
1000
1000
1000
1000
1000
10.967805594954523
12.041365301914421
9.099576284170707
8.854177229864284
1000
1000
1000
1000
1000
1000
11.831175603329083
1000
10.383917618867642
10.139972686569768
1000
8.248643558404444
8.83802376799065
8.94503921217347
1000
9.472882890728114
1000
1000
1000
11.67197124557298
1000
11.867652298316473
11.79468236113375
1000
1000
1000
11.3604929424641
1000
1000
1000
1000
1000
8.909605029710164
1000
1000
10.500600940031351
10.941768650010257
1000
1000
1000
1000
1000
1000
1000
10.534061966307734
1000
9.09753427386595
11.556571997913824
1000
10.99487293932193
9.485111404616507
9.901176353812934
1000
10.872710606135303
8.618937476912157
10.178228998654271
10.651978257820257
1000
1000
1000
1000
1000
9.532605494867965
9.110704366217343
8.633989601023378
1000
11.690888638021857
1000
1000
1000
8.535154108900887
8.823839027825112
1000
9.705358921659876
10.895623840084282
1000
9.545643931583774
1000
1000
1000
9.249704565142737
9.885361237613708
9.13387272611231
1000
1000
1000
1000
1000
1000
10.846757125872957
9.593622549024115
0.0
10.252006268867403
1000
10.058008328263773
1000
1000
10.026568623241522
8.374193629146992
1000
9.360900579954578
11.512710530437916
1000
0.0
10.277266533694151
1000
10.36951763469004
10.421942734376081
1000
0.01408465706496097
1000
11.066894966601373
1000
9.296367160843346
1000
1000
1000
10.46180476510005
11.705096964970815
0.013478611571084794
1000
9.409377522413221
8.204749836826931
1000
1000
1000
1000
1000
0.0
9.839404710409957
11.694368774998512
1000
11.063731496123232
10.461948129535793
0.0
11.899370674140325
10.496224315213373
1000
9.034803546288007
1000
10.222120134383742
0.01410896497148665
8.171126870588362
0.013382111293414916
1000
1000
1000
11.911824096161226
9.202985738211579
9.803789333273794
9.512664167345854
0.01366038417554816
1000
9.20628899694079
10.405989924370834
10.790548660197286
1000
0.0
11.937420597947346
1000
9.41528023581408
8.263580137128601
8.659431051099908
11.495724040405364
12.009847974111326
1000
1000
11.166289175560046
11.13968412687971
10.106130703987409
1000
1000
1000
1000
10.957147820924696
8.762306097184505
9.018943500051401
8.877975103122772
0.0
1000
0.0
11.27791644555804
11.688344754805202
0.0
11.737576958465608
10.42243559859103
0.0
1000
1000
8.855770212043664
10.877452068413675
1000
8.447889760894142
1000
8.82620385165782
1000
10.945387833783974
1000
9.071723315805059
8.36108841328239
11.411778216483635
11.0288497886351
0.0
1000
10.205690507033175
12.083448642843862
11.969506947695399
8.37428459992242
1000
1000
9.878280482356502
1000
1000
9.135610318636388
9.374889734297424
0.014176991373019622
1000
9.21624070681054
8.485442594044224
1000
10.687662106524865
