1000
0.016739770605049942
1000
1000
1000
1000
0.026447737027299335
1000
1000
1000
1000
1000
1000
1000
1000
0.030539888461868177
1000
0.028756277558575287
1000
1000
1000
1000
1000
0.030795422740140306
1000
0.030135510577735874
1000
1000
0.0286352796812043
1000
1000
1000
1000
1000
1000
1000
0.020654838265694274
1000
1000
1000
1000
1000
1000
1000
0.026993089485905973
1000
0.01779144681928811
1000
0.027141050048904193
1000
1000
1000
0.02863638644944552
1000
1000
1000
1000
1000
0.030010166863908047
1000
1000
0.0272432903191114
1000
0.030080525113767305
1000
0.025788698563741726
1000
1000
1000
0.028418180759860533
1000
1000
1000
0.0258662980187003
1000
1000
1000
1000
1000
1000
1000
1000
1000
1000
0.03194346563086517
1000
1000
1000
1000
1000
1000
1000
1000
1000
1000
1000
1000
1000
0.029055460641859245
1000
1000
1000
1000
1000
1000
1000
1000
1000
1000
0.029273210720251828
1000
0.026749672837741018
0.029068748080247307
1000
0.02777517116742581
1000
0.027952690549454214
1000
1000
1000
1000
1000
1000
1000
1000
1000
1000
0.027395088241136012
1000
1000
1000
1000
0.028695014583526128
1000
1000
1000
1000
1000
1000
1000
0.03096455467774111
1000
1000
1000
1000
1000
1000
0.029872541990759404
0.028810847273611787
1000
1000
1000
1000
0.030833957905820015
1000
1000
1000
1000
1000
1000
1000
1000
1000
1000
0.030096056948891184
1000
0.01768438132252262
1000
1000
0.0186399394039065
1000
1000
0.0199491399370579
1000
1000
1000
0.025223989592438795
1000
0.03156847041359625
1000
1000
1000
0.01857724333066191
1000
0.029962855109783637
1000
0.0268984575803969
0.026726898285667905
1000
0.026951244375775472
1000
1000
1000
1000
1000
1000
1000
0.014268116981290734
0.030046532939873943
0.026486541216307537
1000
1000
1000
1000
0.013660642398549909
1000
1000
1000
1000
1000
0.03154443156329661
1000
1000
1000
1000
1000
1000
1000
1000
1000
1000
1000
1000
1000
1000
1000
1000
1000
0.018663106791384106
1000
1000
0.018690806962307405
0.027637257715241996
1000
1000
0.02989094051018832
1000
0.027398146783116313
0.028877347712243956
1000
0.019911041842820505
1000
1000
0.027302259268382395
1000
1000
0.032487693194115666
1000
1000
1000
1000
1000
1000
0.019927006785283374
1000
1000
1000
1000
0.030910424803479074
1000
1000
1000
0.030965328060267854
1000
1000
1000
0.027192415284393236
1000
1000
1000
1000
1000
0.03083762932498591
0.025167092880884756
1000
1000
1000
0.030169382613067588
1000
1000
1000
1000
0.030167772831965138
0.030081638934732608
0.029549561454098663
1000
0.03196594288200153
1000
1000
1000
1000
1000
1000
1000
1000
1000
1000
1000
1000
1000
1000
1000
1000
1000
1000
0.01821598743572031
0.020429667635756495
1000
0.030510405946552376
0.02618211693313042
0.017018476186096743
1000
0.02921340463598577
1000
1000
1000
1000
0.03120298458245623
1000
0.027707300917739222
0.028052110396437215
1000
0.020049273858470874
0.0321852394694279
1000
1000
1000
1000
1000
1000
0.01857033892712799
1000
0.030085718220618445
1000
0.01774369285729707
0.02858871213809989
1000
1000
1000
1000
1000
1000
1000
1000
0.030783918625821388
1000
1000
1000
1000
1000
1000
1000
1000
1000
0.02936682633171169
0.0265438628781125
1000
0.028359031795097585
1000
1000
1000
1000
1000
1000
1000
1000
1000
0.027800054394814644
1000
1000
1000
1000
1000
1000
1000
0.018234203270184476
1000
1000
1000
1000
1000
1000
0.014294670952699493
1000
1000
0.025422188094022233
1000
0.019256718966459654
1000
1000
1000
1000
1000
1000
1000
1000
1000
1000
1000
1000
1000
1000
1000
1000
1000
1000
1000
1000
1000
1000
1000
1000
1000
1000
1000
1000
1000
1000
1000
1000
1000
1000
1000
1000
0.027962917496898398
1000
0.026669398599605418
1000
1000
1000
1000
1000
1000
1000
1000
1000
1000
1000
1000
0.03072084842973074
1000
1000
1000
1000
1000
0.02996764916906612
1000
0.031813168828520116
1000
1000
1000
1000
1000
1000
1000
1000
1000
1000
1000
1000
1000
1000
1000
1000
1000
1000
1000
1000
1000
0.029371345746895733
1000
0.026402845335383982
0.0
1000
1000
0.02630252681733261
1000
1000
1000
1000
1000
1000
1000
1000
1000
1000
1000
1000
1000
0.029255931290306104
1000
1000
1000
1000
1000
1000
1000
1000
0.028485981948304255
1000
1000
1000
0.027308804928517255
1000
1000
1000
1000
1000
1000
1000
1000
1000
1000
0.027812987399753384
1000
1000
1000
1000
1000
1000
0.02043990028632519
1000
1000
1000
1000
1000
1000
1000
1000
1000
