1000
0.02729219350929915
1000
1000
1000
1000
0.02725265778157595
1000
1000
1000
1000
0.027444023595513595
0.026495849669930856
0.026905348582965054
1000
1000
0.030325161152710462
1000
1000
1000
1000
0.017094425840328196
1000
1000
1000
1000
1000
1000
1000
0.018769199991727298
1000
1000
1000
0.028452509867570648
1000
1000
1000
1000
0.027691960076295194
1000
1000
1000
1000
1000
1000
1000
1000
1000
1000
1000
1000
1000
1000
0.01661002261138832
1000
1000
1000
0.027074300833300452
0.0299883049140457
1000
1000
1000
1000
0.02832159605098207
1000
1000
1000
1000
1000
1000
1000
1000
1000
1000
0.017339028571977617
1000
1000
1000
1000
1000
1000
1000
0.02898636841419261
1000
0.025529574737643015
0.016398394354352495
1000
0.029766080699683464
1000
1000
1000
1000
1000
0.026174658272836635
1000
0.030560076247717886
1000
1000
1000
1000
1000
1000
1000
1000
1000
1000
0.030923809081802953
0.031356075054776805
0.01659539904039113
1000
1000
1000
1000
1000
0.028233796496146803
1000
1000
1000
1000
1000
1000
1000
1000
1000
1000
1000
1000
0.026862748093200144
0.031485858122300946
1000
1000
1000
1000
1000
1000
1000
1000
1000
1000
1000
1000
0.03300802952813145
1000
1000
1000
1000
0.027174824161749385
0.029195039822597954
1000
1000
1000
1000
0.0293026169335954
1000
1000
1000
1000
1000
1000
1000
1000
0.02984747749046035
1000
1000
0.03157604447058074
1000
1000
1000
1000
1000
1000
1000
1000
1000
1000
1000
1000
1000
1000
1000
1000
1000
1000
1000
1000
1000
1000
1000
1000
1000
0.02797355640049525
1000
1000
1000
1000
1000
1000
0.02656290440483202
1000
1000
1000
0.025019743165832352
1000
1000
1000
1000
1000
1000
0.02903160300132373
0.01759326103257682
1000
1000
1000
1000
1000
1000
1000
1000
0.01722204090155953
1000
1000
1000
1000
1000
1000
1000
1000
0.0289344388018908
1000
1000
1000
1000
1000
1000
1000
1000
0.017697546090038697
1000
1000
1000
1000
1000
1000
1000
1000
0.01897879360516838
1000
1000
1000
1000
1000
1000
1000
1000
1000
1000
1000
1000
1000
1000
1000
0.031451704952173795
0.028285844215883395
0.018430047014559546
1000
1000
0.025111480561561827
1000
1000
1000
1000
0.027154210604054155
0.019344536354526414
1000
0.018271476873288048
1000
1000
1000
1000
1000
1000
1000
0.02566214406757078
1000
1000
1000
1000
1000
1000
1000
1000
1000
1000
1000
1000
1000
1000
1000
1000
1000
1000
1000
1000
0.02703439878079312
1000
1000
1000
1000
1000
1000
1000
1000
1000
0.028119201789178948
1000
1000
1000
0.02506312169467277
1000
1000
1000
0.02833330518224131
0.02724299243932187
1000
1000
1000
1000
1000
1000
1000
1000
0.018090882620780742
1000
1000
0.026342778242139635
0.026856210101093805
0.027641698594778392
1000
0.031267539070485836
1000
0.02720727577710428
1000
1000
1000
1000
1000
0.02670233447526353
1000
0.025352298431383695
1000
1000
1000
0.025473839902086175
1000
1000
1000
1000
0.028359754798765617
1000
1000
0.024632665597942527
1000
0.029133396103951978
1000
1000
1000
1000
1000
1000
1000
1000
1000
1000
1000
1000
1000
1000
1000
1000
0.02727254641890263
1000
1000
1000
1000
1000
1000
0.025608258827433516
1000
1000
1000
0.018272114098722675
1000
1000
1000
1000
1000
1000
1000
1000
1000
1000
1000
1000
0.03111664996928478
1000
1000
1000
0.032778811729813256
1000
1000
1000
1000
1000
1000
0.01646878582893744
1000
0.030426059658098477
1000
1000
1000
0.03141444059899371
1000
1000
1000
1000
1000
1000
1000
1000
1000
0.03271555372329707
1000
1000
1000
1000
1000
0.026567203976399667
1000
1000
0.027098011666378603
1000
1000
1000
1000
0.016840955770980014
0.030413903219605944
1000
1000
0.026242396287745103
1000
1000
1000
1000
0.026214027224327252
1000
1000
1000
0.0
1000
1000
1000
0.019169220950105086
1000
1000
1000
1000
1000
1000
0.030412598454016886
1000
0.028138204528113588
1000
1000
1000
1000
0.02644381355161961
1000
1000
1000
1000
0.017404872390148526
0.028883576276023268
1000
1000
1000
1000
0.029683626469802105
0.030772861169013427
1000
1000
1000
1000
1000
0.020653765341468396
1000
1000
1000
1000
0.030441759726965098
1000
1000
1000
1000
1000
1000
1000
1000
1000
1000
1000
1000
1000
1000
1000
0.03104637325622398
1000
1000
0.029274578732116502
1000
1000
1000
1000
1000
1000
1000
1000
1000
1000
1000
1000
1000
1000
0.029800659818352334
1000
1000
1000
1000
1000
1000
1000
1000
1000
1000
1000
0.027960491021358103
1000
1000
1000
1000
1000
1000
1000
1000
1000
0.029957516912045394
0.02710920396172116
1000
1000
1000
1000
1000
1000
1000
0.02639899546256142
1000
1000
1000
1000
1000
1000
1000
1000
0.029508503689860834
1000
1000
1000
1000
1000
1000
1000
1000
1000
0.014148556410468678
1000
0.031644345764944515
1000
1000
1000
0.026628511992760784
0.03033472388134389
1000
1000
1000
1000
1000
1000
0.029605015084351684
1000
0.0
1000
1000
1000
1000
1000
0.02878871561414755
1000
1000
1000
1000
1000
1000
1000
0.027124428257760916
1000
1000
1000
1000
1000
1000
1000
1000
1000
1000
1000
0.032957928166827966
1000
1000
0.0
0.02926818100336171
1000
1000
0.013566924383101283
1000
0.02774989311440276
1000
1000
1000
1000
1000
1000
1000
1000
1000
1000
1000
1000
0.0175639726906475
1000
1000
1000
1000
1000
1000
1000
0.027159920990559534
1000
1000
1000
1000
1000
1000
0.025480068659798107
1000
1000
1000
1000
0.02597497526966354
1000
1000
1000
1000
1000
1000
0.020914992285096655
1000
1000
0.019015344466369623
1000
1000
1000
1000
1000
1000
1000
0.02766069282906613
1000
1000
1000
0.029983097772127477
1000
1000
1000
1000
1000
1000
0.0
1000
1000
1000
1000
1000
0.016839776681173126
1000
0.019716681270854415
1000
1000
1000
0.029021906025319802
1000
1000
1000
0.018861091080845844
1000
1000
0.02737707692682954
0.027996630479887024
1000
1000
1000
1000
1000
1000
1000
1000
1000
1000
1000
1000
1000
1000
1000
1000
1000
1000
1000
1000
1000
1000
0.026922950799592865
1000
1000
0.02855312079747428
1000
0.027995284442038436
1000
1000
1000
1000
1000
1000
1000
1000
1000
1000
1000
0.013479135730513991
1000
1000
1000
1000
1000
1000
1000
1000
1000
1000
1000
1000
1000
1000
1000
1000
0.03285480527629255
1000
1000
1000
1000
1000
1000
1000
1000
1000
1000
0.028730244283568355
1000
1000
1000
1000
1000
1000
0.014198295001767374
1000
1000
0.019523516184307955
1000
1000
1000
1000
0.02628953567276024
1000
0.026112864373372936
1000
1000
1000
1000
1000
1000
1000
0.019644926092784593
0.018318270199729987
1000
1000
1000
0.028597243973684412
1000
1000
1000
1000
1000
1000
1000
1000
1000
1000
1000
1000
1000
1000
1000
1000
1000
1000
1000
0.028998210968288717
1000
1000
1000
1000
1000
1000
1000
1000
1000
1000
1000
0.026391278354026767
1000
1000
1000
1000
1000
1000
1000
1000
1000
1000
1000
1000
1000
1000
1000
1000
1000
1000
1000
1000
1000
1000
1000
1000
0.019613103572329045
1000
1000
1000
0.029064557843922062
1000
1000
1000
0.024761334013317038
1000
1000
1000
0.028041460545155765
1000
1000
1000
1000
1000
1000
1000
0.028265789559018553
1000
1000
0.029898172480162
1000
1000
1000
1000
0.014306458372197194
1000
0.029571531405687176
1000
1000
1000
1000
1000
1000
1000
1000
1000
1000
1000
1000
1000
1000
1000
1000
1000
1000
1000
0.0165324851594857
1000
0.030356517988145225
1000
1000
1000
1000
1000
1000
1000
1000
1000
1000
1000
1000
1000
1000
1000
1000
0.013389146063047381
1000
1000
1000
0.029003361743754938
1000
1000
1000
1000
0.03235132739581667
1000
1000
1000
1000
1000
1000
1000
1000
1000
1000
1000
1000
0.028380541669775675
1000
1000
1000
1000
1000
1000
1000
1000
0.029357320205998204
1000
0.03085738709755559
0.028621388578414245
1000
1000
1000
1000
1000
0.018543022682355456
1000
1000
1000
1000
0.025829291019263775
1000
0.02728816000562575
1000
1000
1000
1000
1000
1000
1000
1000
1000
1000
1000
1000
1000
1000
1000
1000
1000
1000
1000
1000
1000
1000
1000
1000
1000
1000
1000
1000
1000
1000
0.03296810083766537
0.03047666433702443
1000
0.028380712001011804
1000
1000
1000
1000
1000
1000
1000
1000
1000
1000
0.02582398564608237
1000
1000
1000
1000
1000
1000
1000
0.028639425551547828
1000
0.027136552358071525
1000
1000
1000
1000
1000
1000
1000
1000
1000
1000
1000
1000
0.019674059251000867
1000
1000
1000
1000
