1000
1000
0.6663940087923349
1000
1000
1000
1000
1000
1000
1000
1000
1000
0.6677889258933163
1000
1000
1000
1000
0.663562631453654
0.6674148508067825
1000
1000
0.3365802898790759
0.6678780384975818
0.6659533151532158
0.33679289923954064
0.66382648141446
1000
1000
1000
1000
1000
1000
1000
1000
1000
1000
1000
1000
0.6633800232506625
1000
1000
1000
1000
1000
0.6660895207580008
1000
1000
1000
1000
1000
1000
1000
1000
1000
1000
1000
1000
1000
1000
1000
1000
1000
1000
0.3367861807621486
1000
0.6618065402071652
1000
0.33758628449522216
1000
1000
1000
1000
1000
1000
1000
1000
0.33803512292456445
1000
1000
1000
1000
1000
1000
1000
1000
1000
1000
1000
0.6686129415325622
1000
1000
1000
1000
1000
0.6647762405025072
1000
1000
0.33735310661940554
0.3398929180589421
1000
1000
1000
1000
1000
0.6679158779714468
1000
0.6644449661226931
1000
1000
1000
1000
1000
0.33642444642355146
1000
1000
1000
0.33674897461174286
1000
1000
1000
1000
1000
0.6657710514775805
1000
1000
1000
1000
1000
1000
1000
1000
1000
1000
1000
1000
1000
0.6691763762418506
1000
1000
1000
0.6657930165784663
1000
1000
1000
1000
1000
0.6651499104461981
1000
1000
1000
0.33715560623057605
1000
1000
1000
1000
0.6663044944101237
1000
1000
1000
0.6626172217015779
1000
1000
1000
0.6653139458272513
1000
1000
1000
1000
1000
1000
1000
1000
1000
1000
1000
1000
1000
1000
1000
1000
1000
1000
1000
0.6630640963460499
1000
0.6637180590030094
1000
1000
1000
1000
1000
1000
1000
0.6675055366601393
1000
1000
1000
0.6689504340234412
0.33949251651933443
1000
1000
1000
1000
1000
1000
1000
1000
1000
0.33656491060958144
1000
0.6660189125482203
1000
1000
0.6634529919666121
1000
1000
1000
0.6659632985068683
1000
1000
1000
0.33948167737689267
1000
1000
0.33565914262263236
0.33885857415185716
1000
0.6661458131680752
0.6651908333423627
1000
1000
1000
0.6663321603803379
1000
1000
1000
1000
1000
1000
1000
1000
1000
1000
0.33669231840553326
1000
1000
1000
1000
1000
1000
1000
1000
1000
1000
1000
1000
1000
1000
1000
1000
1000
1000
1000
0.6672410782334924
1000
1000
1000
1000
1000
0.33526193354047445
1000
1000
1000
1000
1000
1000
1000
1000
0.665714679558511
1000
1000
1000
1000
1000
1000
1000
1000
1000
0.6668179521247767
1000
0.6640597357381237
1000
1000
1000
1000
0.3374465756970527
1000
1000
1000
1000
1000
1000
1000
1000
1000
1000
1000
1000
1000
1000
1000
1000
1000
1000
1000
1000
1000
1000
1000
1000
1000
1000
0.6637796901402444
1000
1000
1000
0.6633902415451016
1000
0.6665431545669033
0.336389687081274
1000
1000
1000
1000
1000
1000
1000
1000
0.6645012425124935
1000
1000
1000
1000
1000
1000
1000
1000
0.6667358635639999
1000
1000
1000
1000
1000
1000
1000
1000
1000
1000
0.6639064463202168
1000
1000
1000
1000
1000
1000
1000
1000
1000
0.6662609706609466
1000
1000
1000
1000
1000
1000
1000
1000
1000
0.6629516338832323
1000
1000
0.33652693250736704
1000
1000
1000
1000
1000
1000
1000
1000
1000
1000
1000
1000
1000
1000
1000
1000
1000
1000
1000
1000
1000
1000
1000
1000
1000
1000
1000
1000
1000
1000
0.33529912133132594
1000
1000
1000
1000
0.3377916632785794
1000
1000
1000
1000
1000
1000
1000
1000
1000
0.6676915806474445
0.3355718254959407
1000
1000
0.663955194600062
1000
1000
0.3361291255404976
1000
1000
1000
1000
1000
0.6650383157265239
1000
1000
1000
0.3392782125434574
0.6655682113391703
1000
1000
1000
1000
1000
1000
1000
1000
1000
1000
0.6665561279571477
1000
1000
1000
1000
1000
1000
1000
1000
0.6655760211857165
1000
0.6666497111853068
0.3378882829278058
1000
1000
1000
1000
0.6646414926049855
1000
1000
1000
1000
1000
1000
1000
0.6655995363810354
1000
1000
1000
1000
1000
1000
0.33657236089160136
0.6654243216491719
1000
1000
1000
0.6642598354199903
1000
1000
1000
1000
0.664616707318585
1000
1000
1000
1000
1000
1000
1000
1000
1000
1000
0.33678990772772
1000
1000
1000
1000
1000
0.3356416513571117
1000
1000
1000
1000
1000
1000
0.33691700878755915
1000
0.6644659053688883
1000
0.6686518604071511
1000
1000
1000
1000
1000
1000
1000
1000
1000
1000
1000
0.6638995227830571
0.3368731360154761
1000
1000
1000
1000
1000
1000
1000
1000
1000
1000
1000
1000
1000
0.0
1000
1000
1000
1000
1000
0.6629050209396976
1000
1000
1000
1000
1000
1000
1000
1000
1000
1000
1000
1000
1000
1000
1000
0.0
0.6681867483294246
0.6644657479025148
1000
1000
1000
1000
1000
1000
1000
1000
1000
1000
1000
1000
1000
1000
1000
1000
1000
1000
1000
1000
0.6619643896184342
1000
1000
2.6666690127756363
1000
2.66699578640829
1000
1000
0.6632611252181352
1000
1000
1000
1000
0.0
1000
1000
0.6638158822737832
1000
1000
1000
1000
1000
1000
1000
1000
1000
1000
1000
1000
0.6633044665770775
0.6633074220875536
1000
1000
1000
1000
1000
1000
1000
1000
1000
1000
1000
1000
0.0
1000
1000
1000
1000
1000
1000
1000
1000
1000
1000
1000
1000
1000
1000
1000
1000
1000
0.33792722107827516
0.33669808589536426
1000
1000
1000
0.6645633650562127
1000
1000
0.6640986496914556
1000
1000
1000
1000
0.6655878870384441
1000
1000
1000
1000
1000
1000
1000
1000
1000
0.6644887737650705
1000
1000
1000
1000
1000
1000
1000
1000
1000
1000
1000
1000
0.6673904692637378
1000
1000
1000
1000
1000
1000
1000
1000
1000
1000
1000
0.6671272880414684
1000
1000
0.6680015664146822
0.6673273927612589
1000
1000
1000
1000
1000
0.6643352289966347
0.668301227168402
1000
1000
1000
1000
1000
1000
0.6627760406882325
0.66502289843516
1000
1000
0.0
1000
1000
1000
0.3351772300458022
1000
1000
0.6663391140303048
1000
0.33647330560310407
1000
1000
1000
1000
1000
1000
1000
1000
1000
0.0
1000
1000
1000
1000
1000
1000
1000
1000
1000
1000
1000
1000
1000
1000
1000
1000
0.33764276852758635
1000
1000
1000
1000
0.0
1000
1000
1000
1000
1000
0.33508638327859874
1000
1000
1000
0.6628559809291349
1000
1000
0.6658755020171768
1000
1000
1000
1000
0.33730004004224906
1000
0.6642383968936012
1000
1000
1000
1000
1000
1000
1000
1000
1000
1000
1000
1000
1000
1000
1000
1000
2.6670898498205147
0.6623886496849708
1000
1000
1000
1000
1000
1000
1000
1000
0.338083249188821
1000
1000
1000
0.6627174833900104
1000
0.6661713173327037
1000
1000
0.666002881025837
0.3375372584485399
1000
1000
0.6665730424909367
1000
1000
1000
1000
1000
1000
0.6680958165153342
0.6682483226227472
1000
1000
1000
1000
1000
1000
1000
0.0
1000
1000
1000
1000
1000
1000
1000
1000
1000
1000
1000
1000
1000
1000
1000
1000
1000
1000
1000
1000
1000
1000
1000
0.6671033843992441
1000
0.33819953683393916
1000
1000
1000
1000
1000
1000
1000
1000
1000
1000
0.33462295073386167
1000
1000
1000
1000
1000
1000
1000
1000
0.3359578691971218
1000
1000
1000
0.6663231195557674
1000
1000
1000
1000
1000
1000
1000
1000
1000
1000
0.33530882628003655
1000
1000
1000
0.33665784128177495
0.6641489637493092
0.6631582452710267
0.666428401422481
1000
1000
0.3348526145384403
1000
0.6630946910320707
1000
1000
1000
0.6628062273057904
1000
1000
1000
1000
1000
1000
1000
1000
1000
1000
1000
1000
1000
1000
0.663962449598587
1000
0.668581344769645
1000
0.6670391377456848
0.3368945084535523
1000
1000
1000
1000
1000
1000
1000
1000
1000
0.6642234694296939
0.6655972268802457
1000
1000
0.3342532092068624
0.6673505665154901
1000
1000
1000
0.6665448766161284
1000
1000
1000
1000
1000
1000
0.663307120133121
1000
0.6653517956312947
1000
1000
0.6669249809815616
1000
1000
1000
1000
0.0
1000
1000
1000
1000
1000
1000
1000
2.6667242506470474
1000
1000
1000
1000
1000
1000
1000
1000
1000
0.33690555426382734
2.6667991586755204
1000
1000
1000
1000
1000
0.6653341697819137
1000
1000
0.6680859705117074
1000
1000
1000
1000
1000
0.6666186504321424
1000
1000
1000
1000
1000
1000
1000
1000
1000
1000
0.33900576608378474
1000
1000
1000
1000
0.6671928430213475
1000
1000
1000
1000
1000
1000
1000
0.0
1000
1000
1000
1000
1000
0.0
1000
0.6654164176197545
1000
1000
1000
1000
1000
1000
1000
1000
1000
1000
1000
1000
1000
1000
0.0
1000
1000
1000
1000
1000
1000
1000
1000
1000
1000
1000
1000
1000
1000
0.6634981001924558
1000
1000
1000
1000
0.3383546070166179
0.0
1000
1000
1000
1000
0.6661493463159437
1000
1000
0.6661484155600149
1000
1000
1000
1000
1000
1000
1000
1000
1000
1000
1000
1000
1000
1000
1000
1000
1000
1000
1000
1000
1000
1000
1000
1000
1000
1000
1000
1000
0.6640416425372976
1000
1000
1000
1000
0.6661183695222452
1000
1000
0.6624741256307578
0.6689971032469443
1000
1000
1000
1000
1000
0.6648276482007255
1000
0.6657292162615506
1000
1000
1000
1000
1000
1000
1000
1000
1000
1000
0.3361469444035923
1000
0.3370349384023077
1000
1000
0.6639936955287115
1000
1000
0.33866574357468365
1000
1000
1000
1000
1000
0.6681862290895282
1000
1000
1000
1000
1000
1000
1000
1000
1000
1000
1000
1000
1000
1000
1000
1000
1000
1000
1000
1000
1000
1000
1000
1000
1000
1000
1000
1000
0.6627682092070182
1000
1000
1000
1000
0.0
1000
1000
1000
1000
1000
1000
1000
1000
