1000
1000
1000
1000
1000
1000
1000
1000
1000
8.818522849968941
1000
1000
1000
1000
1000
1000
1000
1000
1000
1000
1000
1000
1000
1000
1000
1000
1000
1000
1000
1000
1000
1000
1000
1000
1000
1000
1000
1000
1000
1000
1000
1000
1000
10.246917885244734
1000
1000
1000
11.889572865791148
1000
1000
1000
1000
1000
1000
1000
1000
1000
1000
1000
1000
1000
1000
1000
1000
1000
1000
1000
1000
1000
1000
1000
1000
1000
1000
1000
1000
1000
1000
10.264617436641768
1000
1000
1000
11.868473758829152
1000
1000
1000
1000
1000
1000
1000
1000
1000
1000
1000
1000
1000
1000
1000
1000
8.728977500098775
1000
1000
1000
1000
1000
1000
1000
1000
1000
1000
1000
1000
1000
1000
1000
1000
1000
1000
1000
1000
1000
1000
1000
1000
1000
1000
1000
1000
1000
1000
1000
1000
1000
1000
1000
1000
1000
9.842033678595303
1000
1000
1000
1000
1000
1000
1000
1000
1000
1000
1000
1000
1000
1000
1000
1000
1000
11.622609362494353
1000
1000
1000
1000
1000
1000
1000
1000
1000
1000
1000
1000
1000
1000
10.402525560137038
1000
1000
1000
1000
1000
1000
1000
1000
1000
1000
1000
10.710495774258083
1000
1000
1000
1000
1000
1000
10.032410409983253
1000
1000
1000
1000
1000
1000
1000
1000
1000
1000
1000
1000
1000
1000
1000
1000
1000
1000
1000
1000
1000
1000
1000
10.555331593140197
1000
1000
1000
1000
1000
1000
1000
1000
1000
1000
1000
1000
1000
1000
1000
1000
1000
1000
1000
1000
1000
1000
1000
1000
1000
1000
1000
1000
1000
1000
1000
1000
1000
1000
1000
1000
1000
1000
1000
1000
1000
1000
1000
1000
1000
1000
1000
1000
1000
1000
1000
1000
1000
1000
1000
1000
1000
12.007934728712799
1000
1000
1000
1000
1000
1000
1000
1000
1000
1000
1000
1000
1000
1000
1000
1000
1000
1000
1000
1000
1000
1000
1000
1000
1000
1000
1000
1000
1000
1000
1000
1000
1000
1000
1000
1000
1000
1000
1000
1000
1000
1000
1000
1000
1000
1000
1000
1000
1000
1000
1000
8.175728578932022
1000
1000
1000
1000
8.473242322978647
9.234010720528971
1000
1000
1000
1000
1000
1000
1000
1000
1000
1000
1000
1000
1000
1000
1000
1000
1000
1000
1000
1000
1000
1000
1000
1000
1000
1000
1000
1000
1000
1000
1000
1000
1000
1000
11.897764983222343
1000
1000
1000
1000
1000
1000
1000
1000
1000
1000
1000
1000
1000
1000
1000
1000
1000
9.65714378426265
1000
1000
1000
1000
1000
1000
1000
1000
1000
1000
1000
1000
1000
1000
1000
1000
1000
1000
1000
1000
1000
1000
1000
1000
11.639059359439132
1000
1000
1000
1000
1000
1000
1000
1000
1000
1000
1000
1000
1000
1000
1000
1000
1000
1000
1000
1000
1000
1000
1000
1000
1000
1000
1000
1000
1000
1000
1000
1000
1000
1000
1000
1000
8.467290862110383
1000
1000
8.490549690027322
1000
1000
1000
1000
1000
1000
1000
10.053161223786857
1000
1000
1000
1000
1000
1000
1000
1000
1000
1000
9.418437135388361
1000
1000
1000
1000
1000
1000
11.009353561853672
1000
1000
1000
1000
1000
1000
1000
1000
1000
1000
1000
1000
1000
1000
1000
1000
1000
1000
1000
1000
1000
1000
1000
1000
1000
1000
1000
1000
1000
1000
1000
1000
1000
1000
8.852185290579316
1000
11.65465109309441
1000
8.607287963123195
1000
1000
1000
1000
1000
11.579786983188141
8.18861873456803
9.062174370266705
1000
1000
1000
1000
1000
8.509779694108111
1000
10.582872777580446
1000
1000
1000
1000
1000
1000
1000
10.078650285638899
1000
1000
1000
1000
1000
1000
1000
1000
1000
1000
10.857462515725368
1000
11.991147986256868
1000
0.0
1000
1000
1000
11.456928505402944
1000
1000
1000
1000
1000
1000
1000
1000
1000
1000
1000
9.115611845120647
8.859253636249438
1000
1000
1000
1000
8.317796772965222
1000
1000
1000
1000
1000
1000
10.215848577048916
1000
1000
11.420578450068241
1000
1000
1000
11.329628087129691
9.420499931517966
1000
1000
1000
10.715223860146105
8.73339659459707
1000
1000
1000
10.355257187463371
11.67956407342353
11.830110064496825
1000
10.83493563082175
1000
1000
1000
1000
1000
10.344033500772891
1000
1000
8.476945712092924
8.641520041295204
1000
1000
11.685956794323747
1000
1000
1000
0.01394406360629339
1000
9.55695051415141
9.297209143868496
11.737252085845482
1000
1000
1000
1000
1000
1000
1000
8.338883442036986
9.681762285593779
1000
1000
1000
9.452574534228445
1000
1000
1000
1000
1000
1000
8.601780107358659
1000
1000
1000
1000
1000
1000
1000
1000
0.014246918146887284
1000
1000
9.838703447971168
1000
1000
9.843548458847327
1000
1000
0.0
9.027538376306488
1000
1000
1000
1000
1000
1000
1000
1000
1000
1000
1000
1000
11.61827332435202
1000
8.500602554089085
1000
9.370022842800951
1000
1000
1000
1000
1000
1000
1000
1000
1000
10.29077341132988
9.42376014759398
1000
1000
1000
1000
11.019312237972816
11.170665663057985
11.797631324462936
8.924110452324115
1000
1000
11.84318571336103
9.667176994855046
0.0
1000
1000
8.645121747506328
1000
1000
1000
1000
9.786088124025813
1000
1000
1000
1000
1000
1000
1000
1000
1000
1000
9.256567044894041
1000
1000
9.811864462271922
1000
1000
1000
1000
1000
11.770193315479792
1000
1000
1000
1000
1000
1000
11.609249173978483
1000
1000
1000
1000
1000
1000
1000
9.515606693426903
9.34487160099423
8.685255353134366
1000
1000
10.873325463297874
8.84863730299735
1000
1000
1000
1000
1000
1000
1000
9.405285756341863
1000
1000
1000
1000
1000
1000
1000
1000
1000
1000
1000
1000
1000
9.975151530705325
1000
11.892851901000308
1000
1000
1000
1000
1000
8.720434739881249
1000
9.660690453385081
1000
1000
8.36550415385225
1000
1000
9.22115383955613
1000
1000
1000
1000
1000
1000
1000
1000
1000
1000
1000
1000
1000
1000
1000
1000
1000
1000
1000
1000
1000
1000
1000
1000
1000
1000
1000
1000
1000
1000
1000
1000
11.180939253776934
1000
1000
1000
1000
1000
1000
1000
1000
1000
1000
1000
1000
1000
11.86696764192567
1000
1000
1000
1000
1000
11.247130859593973
9.468499213735685
9.282165368647531
1000
1000
8.981542206653454
1000
1000
1000
1000
0.0
10.902589579810414
1000
1000
1000
9.296063040456202
1000
1000
1000
1000
1000
10.73211623040158
1000
1000
1000
1000
1000
1000
1000
1000
11.36696918123458
1000
1000
1000
1000
10.779607546068712
1000
9.16256963538327
1000
1000
1000
9.74839299985485
8.801661969857458
1000
1000
1000
9.264886666624822
10.82105857891478
1000
1000
1000
1000
9.66212169015271
11.11939838500853
1000
1000
1000
1000
1000
1000
1000
1000
1000
9.91483883210236
1000
1000
1000
1000
1000
1000
1000
1000
1000
11.498650591214881
1000
1000
1000
9.985629244708958
1000
1000
1000
1000
11.839797129828803
1000
1000
1000
1000
1000
1000
1000
10.550456628841765
10.395175516085468
1000
1000
10.625492895395743
1000
8.926596604191047
1000
1000
1000
10.422907397824586
1000
1000
1000
1000
1000
1000
1000
1000
10.805851278656341
1000
1000
10.015234783393566
1000
1000
1000
1000
1000
8.488450911075653
1000
1000
1000
1000
9.149584450415404
10.454446604446108
1000
8.179804934794005
1000
11.48962034523255
1000
1000
1000
1000
11.138759749884676
1000
1000
1000
8.332826779130281
11.159700130348766
0.0
8.19390262230006
0.0
9.842402399953741
9.611186006652753
11.233593998852413
11.255713858343034
11.193759260482539
12.048081908622159
8.764721012026621
9.881381320029513
10.572991236613346
8.344961492514738
0.0
8.154258410496032
0.0
9.712776362348103
11.108766085806494
10.864964851429306
9.26512027122499
0.0
0.0
8.207242429130256
1000
11.883029394025039
9.334889467737478
10.554123828114848
11.940578483309098
10.192232533828392
9.661479222566136
10.908786002218376
10.594328793060948
8.448564014246768
8.152610146713405
9.835543126524403
9.428484829673762
0.0
8.402085961045149
10.92800699558631
8.475974233686951
0.0
9.112239703655382
10.471447982716322
12.02606337219251
8.802253328536175
11.756457475722033
0.0
0.0
8.539203999297431
11.69709577533525
9.725474107221466
1000
12.057675889431295
0.0
10.766829700170502
9.490749801880948
10.911954521547498
8.314409956432572
1000
9.952859801123386
9.636563147022805
1000
10.47819590714847
1000
10.396198582765658
11.65010313104166
9.367701214313572
9.581956295095436
10.329697981092407
9.18960998476029
11.33676500198141
8.724161926096896
10.74749107037473
1000
9.865297853198598
0.0
1000
9.041752941339425
0.0
8.479106026634343
9.649675913984524
0.0
9.750293404831922
10.047086839685255
9.975218316588096
0.0
10.235301113765896
9.935374291955814
0.0
0.0
8.400534952664914
11.623919668466863
8.368675599546593
9.951097248258598
10.491869497740293
8.121835238879491
1000
8.441076166370602
0.0
10.682572986762528
8.992065439472066
0.0
8.341895614869994
9.625322155693292
1000
11.849144986548069
11.573103007891712
10.714680490395562
8.927688843804237
8.932723517306007
0.0
10.038928662980451
9.745226153177754
11.490566860782804
10.620967254889692
0.0
9.822694882768236
9.200817661782498
11.682899076628928
0.0
0.0
8.792054629646094
11.205113449276348
8.47623334525726
0.013575772946419744
11.734796219920296
0.0
10.249664044378443
1000
12.087388418086485
9.067256175342042
0.0
9.781211501124293
1000
11.91462414386752
9.51950846741959
10.530563228982114
10.78759653183312
9.839983681096149
11.127929163542028
11.40580423670827
9.067189212259708
1000
10.783243344327069
1000
10.524652331237682
1000
1000
9.874489047695093
9.086335303302297
8.444776410830615
10.496296222122414
1000
0.0
9.295672429703039
11.239060445098051
9.22834792926982
9.863536252516912
11.510258498243429
1000
0.0
12.006355885846029
10.917596139878059
11.966537332048617
10.455249707271326
1000
9.433538660773019
0.01388492023720859
9.198209317442544
9.882175205669618
0.0
10.813126582711792
9.515788154749872
11.24759983205701
11.118153946627926
11.463856608911549
9.161724430598062
8.216910097788242
10.079590928610832
9.925090485772005
10.771198104825073
9.849055172206036
8.80076143012356
0.0
10.727206702139942
1000
8.971157267680129
10.295055903293328
1000
10.134753406192509
9.40248746402909
9.900778758693518
9.292255872552026
11.116486697332997
0.0
9.333410975811725
1000
1000
0.0
11.702000933442203
9.052731614019237
1000
8.48926497963402
8.82205059782469
8.170014586756128
0.0
10.7621590763844
11.725480496347636
10.269452262797484
8.850194326164193
10.725449235215777
9.373661391336142
8.977693158340257
0.013361942882085564
10.015532936865338
0.0
8.220721410709913
8.872188594819571
8.628058111051173
8.632220104173491
11.627296987576681
10.139206685711967
10.782855997722757
10.813564105484632
10.423582730998843
9.489049969472934
9.493690108580578
0.0
0.0
1000
10.950062242609818
11.035916368829733
0.0
0.0
9.061359066363595
8.452321218496637
11.201494307309325
11.75261472123183
9.817973522781909
9.569045851272186
0.0
10.875772538976031
8.989384080145197
9.90500668743227
1000
1000
