11.193278607012221
1000
1000
1000
1000
10.459510575633084
1000
1000
1000
1000
1000
9.891071359641264
1000
1000
1000
1000
1000
1000
11.62672943465331
1000
1000
1000
11.36286125750509
1000
9.94348203663897
1000
9.125111653469085
1000
10.38099501677619
1000
11.174214434765858
1000
1000
1000
1000
1000
1000
10.971865783408758
1000
1000
1000
10.982890294607573
9.956818236647058
11.034651953625797
1000
1000
12.36176671483242
1000
1000
1000
1000
1000
1000
1000
1000
1000
1000
1000
12.53586164774218
1000
1000
1000
1000
1000
1000
1000
1000
1000
8.85063036952947
1000
9.128299420493995
9.819381492328882
1000
1000
9.48752982740478
1000
1000
1000
1000
1000
1000
1000
1000
1000
10.285183156176066
1000
1000
1000
11.739954429527755
1000
11.553122006325463
1000
8.742289661852032
1000
10.409882358083545
1000
11.64609834452203
11.248232191952152
1000
1000
1000
10.629890347989207
1000
1000
9.391320959813422
1000
9.857989215894811
1000
1000
1000
1000
1000
1000
1000
8.893758435083454
11.87397210140997
1000
1000
1000
12.097350896704425
1000
1000
1000
1000
1000
10.914081919364321
11.952648936142715
1000
1000
1000
1000
10.31803429035076
1000
1000
1000
1000
1000
8.942306994012881
1000
10.957806429045272
1000
1000
1000
1000
9.630086205340564
1000
1000
1000
1000
11.80897491028309
1000
1000
1000
1000
1000
1000
1000
1000
8.882345021112103
1000
1000
1000
10.533034065162074
1000
1000
9.147540358685646
1000
12.596639658374643
1000
1000
11.708413732556389
11.77848123488315
1000
10.486347147466358
1000
1000
11.387763468664794
11.714185075221877
8.772401196922432
1000
11.008496572328022
1000
1000
1000
9.44964617061341
10.47616449897426
1000
1000
1000
1000
1000
1000
12.104984496748113
1000
1000
1000
1000
9.716963236923398
12.13555044786532
1000
12.393170524499716
11.612564717013427
1000
1000
1000
12.30528233822404
1000
1000
1000
9.180473900613986
11.565905310713902
1000
1000
1000
1000
1000
8.956277519423757
1000
1000
11.3292734062642
8.936262965742884
1000
12.357138710949746
1000
10.205768722061652
1000
10.732768302873728
1000
1000
1000
1000
1000
12.574914259779217
1000
1000
1000
12.650013313048195
12.634048866502575
1000
10.299595955515114
1000
12.276967113876065
1000
1000
1000
1000
1000
1000
9.827255716457854
1000
1000
10.853940401521694
1000
1000
1000
1000
1000
1000
9.321329510485176
1000
9.495541080603267
1000
1000
1000
1000
1000
1000
9.64773328070679
10.266757547295999
1000
8.905431276775097
1000
1000
1000
1000
1000
1000
8.862436795308259
1000
1000
1000
1000
1000
1000
1000
1000
9.37809508335421
9.605802092807878
1000
8.936108560310815
8.74223457282538
1000
1000
1000
1000
1000
11.060850806438475
1000
1000
1000
1000
1000
1000
9.335441346952557
1000
1000
12.582585060543508
1000
9.778335026717416
9.407699604103774
11.142052954013376
10.876449527225294
1000
1000
9.040321740866457
11.876749890863593
1000
9.122691091807662
1000
1000
1000
1000
1000
1000
1000
11.40428322738702
9.725848284339301
10.039446046764315
1000
1000
9.347268803939476
1000
1000
1000
9.291616749178235
9.956943034186535
1000
1000
10.86323447189931
1000
1000
1000
11.669260759682452
1000
12.307273042965429
1000
1000
1000
1000
1000
1000
1000
1000
1000
11.277628874553653
11.164162865479028
1000
1000
12.146234583252841
1000
1000
8.812124224871974
9.708740514151469
0.0
11.037098128279151
9.194425091574832
9.290997791667646
1000
10.926955017781847
1000
8.975312763059236
1000
11.732747690799883
1000
9.137852507944233
0.0
1000
10.345093796858176
1000
1000
1000
9.301788134276693
10.564326665722154
0.0
1000
9.622099978589356
1.3342929884360184
0.0
11.602135417622774
1000
1000
9.85073947456513
1000
1000
10.152156854785009
1000
1000
11.069226547234909
1000
0.0
11.873724043099845
11.246010966637403
0.0
10.062610627565737
1000
1000
1000
10.639615158475246
1000
12.475099941764821
1000
1000
11.177672481794431
12.462024948335186
8.929006428140875
12.500640287924066
1000
1000
1000
1000
1000
9.858265017261704
11.723254391735683
1000
1000
11.775764070721372
1000
1000
11.914276637903907
1000
0.0
0.0
10.047752875104583
1000
1000
10.617068654349609
1000
9.92967484313586
1000
1000
10.61308083543094
9.82144538091375
1000
11.290357523503976
1000
12.013319548083473
1000
1000
1000
1000
1.3340750390211003
1000
0.0
11.885982599839267
1000
11.53673258527353
1000
1000
9.230097424328974
1000
0.0
1000
0.0
12.454355141835176
9.873171557698466
12.312241185471501
1000
10.516843940336594
1000
1000
12.497495191391554
1.333429114137211
1000
1000
11.591635981478372
12.071330339091109
11.98829677891383
11.825478376909386
8.663830603548972
1000
11.00555416746995
11.57964066427339
1000
1000
1000
0.0
0.0
1000
1000
9.161611244618904
1000
9.675299794950309
1000
12.508362753329848
1.3340891592722113
1000
12.084051028066888
9.588592511148377
9.225694912877316
1000
1000
1000
1000
1000
11.286078438315483
10.151604563917097
11.899088380782699
9.331703847001757
1000
9.417829881905783
1000
9.589784079790215
1000
1000
1000
1000
11.612650075935095
11.611342722213296
11.310057717998383
8.760485997755868
1000
10.71679022849785
1000
12.387399301897407
9.135285314838331
1000
1000
11.684330721042372
1000
12.439834246993248
12.087028776938391
1000
1.3337132437001895
11.119172912750239
9.071892901469223
12.34436499149059
1000
11.847706609948112
1000
1000
10.146024128263033
11.212707167484112
1000
0.0
0.0
9.554498824796388
12.541979382956226
1000
1000
1000
1.3339530514898275
1000
1000
0.0
10.804352482180239
12.533207417129317
9.97911983529939
1000
9.686536060587724
11.020926580614121
10.525938109583498
1000
1000
10.851290675428945
1000
11.216240025644947
1000
0.0
1000
1000
1000
0.0
1000
1000
11.616459328579278
1000
8.869136281604597
0.0
1000
11.288418187857788
9.629049895269898
11.799444910454278
1.3337457674034512
1000
1.3333910611433113
1000
9.924669985660591
9.814825190342113
9.675990572455525
1000
1000
1000
11.216758784936221
1000
9.885184233934806
10.591412722023486
1000
8.818957925492322
1000
11.38331180813026
1000
10.859953553594714
9.639150589298717
9.06293013128451
11.796337732523368
1000
9.570834172121696
1000
11.777302453694656
0.0
1000
1000
1000
1000
1000
1000
1000
8.954521679500598
10.273343871187128
1000
1000
11.41144875445551
1000
10.691517115904377
1000
12.288608833668812
12.406672161957834
10.151051392333848
11.307328084004425
1000
1000
9.088918585785533
9.8574220217746
10.675522901202532
1000
12.295814070313295
9.71381316730287
10.715188152268498
9.337861311177864
9.415084623496487
1000
11.014190230503873
1000
1000
8.733116436158822
11.758093962316051
10.744916195707209
1000
1000
1000
1000
1000
1000
1000
1000
1000
11.633944923995104
1000
9.831153772990596
0.0
1000
1000
9.054416008531309
9.746837447180834
10.906025929196844
1000
1000
1000
11.806322213223172
1000
1000
9.995334991349512
9.240630757359131
11.832408694072088
10.802295853475211
1.334120117103935
1000
11.18639014569803
12.30674708096274
1000
9.1984819621269
1000
10.418509565074313
9.244587136041199
1000
1000
1000
1000
12.110820976030421
1000
1000
9.691226852406086
1000
1000
1000
1000
1000
10.279555704285684
1000
1000
1000
12.423580778380055
1000
1000
1000
12.091816723252222
1000
9.177801803105128
11.531648825691306
11.752949164625463
0.0
12.35605507615533
1000
1000
1000
10.38905377280161
10.967200754123878
12.201907281032739
1000
12.125380481278636
1.3335828550357232
11.53951351771664
1000
1000
1.3339037234353317
9.48879719461061
1000
1000
10.47305993133248
1000
1000
1000
10.40600288259955
12.35121913644134
1000
0.0
1000
1000
1000
1000
11.60020362063223
12.195205424820113
10.556550026738833
12.637950244765019
1000
9.412252781370107
9.335618586739631
9.375010534815544
1000
11.26794608373514
8.992499059884151
1000
12.536756541307673
8.848427959166875
10.192650458866806
0.0
8.901403656398806
10.187838624642042
1000
1000
1000
9.478584558649661
1000
11.132997627112285
1000
10.311371832119297
1000
1000
10.79426645371634
1.3336111211759412
0.0
9.312263985635228
1000
12.225110975355665
1.3333682766253996
11.81857428190205
9.312248747033175
11.841251692207798
1000
1.3338917650045763
1000
10.622532546585026
0.0
0.0
10.584144330135132
1000
12.397197041084404
1000
9.367069187181267
1000
1000
1000
10.499383227434885
8.755819480712294
9.52831714247343
12.278024841765562
0.0
11.651283282407034
1.3341698248300697
12.47239664318653
9.698732309669644
9.345198936092327
9.112104375995937
11.865649533248135
11.067186885731324
10.462597642357592
8.67411500919659
1000
1.334106835723959
11.00991358660039
1000
9.826123161834555
8.952701399268324
8.821727265513239
1000
11.312510091800574
1000
0.0
12.043244727771981
0.0
1000
0.0
9.786734876557071
10.17656778194411
0.0
1000
0.0
10.560038680849761
9.170492358272064
9.378425721049746
0.0
1000
8.691913282611903
1000
1000
1.333928217886585
9.902524789265748
10.328889800602894
12.5499723057038
10.58493245342006
10.353548429081787
12.52905924004727
9.271983821393032
10.24094057590671
8.673527130243157
1000
12.394037409100267
1.3334905210762973
1000
12.4255488548905
12.55342837234495
1000
1.3334163647752015
12.629585704234694
10.34828643719973
9.371205229510991
0.0
9.49240712088011
9.173974454321769
11.532045054870682
12.31251118515783
9.622273774005013
1000
1.3342874136869358
10.631835014196147
1000
1000
8.942378044315396
0.0
1000
1000
10.300258195538408
10.350793621032036
12.440544135796166
1000
12.541113319511892
11.455548304410657
1000
0.0
1000
11.643655818087925
1000
9.522213221289629
1000
9.112543462138664
10.342880342872297
1000
12.429433577067748
1000
1000
0.0
12.256887399100062
12.181323600020997
1000
10.499002618437476
1000
9.782040187525956
1000
1000
1000
1000
12.174867205959618
10.887657824761506
11.478642003816331
1000
0.0
8.761442734731427
1000
1.3339175657584035
10.842577993913425
9.522684773898831
1000
1000
9.119086555378482
1000
10.757432129153012
1000
1000
9.66313607184631
0.0
0.0
10.247376424698412
1000
1.3333353239854842
9.385081533223183
1000
1000
1000
8.719282458235865
1000
10.005736221835134
9.447562938537569
10.728337225676846
1000
1000
11.442673692954186
12.26806121987546
1000
12.004704314880723
1000
1000
1000
1000
9.274077592975008
1.3335103086074467
11.04235036023607
10.53597984630698
1000
9.471250964868757
1000
9.837365422932008
9.469054848772357
1000
1000
12.286649545944293
12.544667860707632
10.866950004908453
1000
1000
10.846677766236754
10.888950690557905
1000
9.86805890531781
11.461572112315976
1000
1000
9.113310828803703
11.182805529394063
11.470021114247851
1000
10.690052554946034
10.825154469191306
1000
10.70210088732119
9.636172376929373
1000
12.144390784415648
10.192701156613875
1000
1000
1.3335484838153018
11.718574447287002
1000
1000
12.216530212636432
8.650422719820545
12.353382753796309
10.297041526198967
11.720213519935566
9.504479361019445
1.3334773882211106
1000
1.3338469894943097
9.44598857607263
1.334059680475073
1000
1000
1000
1000
11.45219640460381
1.333685613955989
1000
1000
1000
1000
11.014211069752347
1000
12.402523745173307
1000
1000
11.129632415545748
11.002815338865203
9.660606783091302
1000
10.471344136826444
11.749600971214962
1.334169339356707
1000
1000
1000
9.271313190738875
0.0
9.671098026896328
0.0
8.850377341938279
1000
11.475231828024882
1000
12.14843607205617
10.083017448639582
0.0
10.140946373773781
1000
9.425785937487738
1000
0.0
1.3334793082297505
11.560814699152457
1000
0.0
1000
0.0
8.113369612718957
1.3336645214921319
8.122387234987185
1000
1000
1.3338116185773212
1000
1000
1000
8.13567538276186
1000
0.0
0.0
1.3336613843367755
8.109670094677789
11.40380567607061
10.97842516930234
1000
0.0
1000
0.0
1000
10.189334070886726
1000
1000
1000
11.55460477220428
0.0
9.35009567069664
9.061586287745051
1000
1000
1000
9.481875271830543
0.0
8.103900020690553
1.3342758642928103
12.637551265719935
1000
8.13613527874667
1.3334258092033218
0.0
12.139361474630375
1000
1000
1000
1000
10.435388898455233
0.0
8.098262949170852
0.0
1000
1000
0.0
1000
11.202684901936552
0.0
1000
12.161943679195335
1.3334291111688046
1.3342421235338175
1000
1000
11.747289271139142
8.117939869640113
1000
1000
0.0
1000
8.09840920456109
1.3338251910651293
1.3339025739294543
1000
1.3335171765510965
1000
12.282385177449775
11.001740722543175
0.0
0.0
9.035620732625501
1000
1000
1000
8.118123992170666
12.26363544599154
11.712268646692653
0.0
1000
1000
1000
12.483198370344365
1000
8.105770517440032
0.0
1000
0.0
11.980946843433554
1.3336991751978662
1.334117999156568
1000
1000
8.106747210006041
8.117523107843612
1000
0.0
10.788136113224793
1000
1000
1000
1.334147571416365
1000
1000
9.613617798009638
1000
1000
0.0
1.334101320788392
1.333716048857203
8.1311337693579
1000
8.1150587987679
1000
8.106571242016084
8.106774974988742
1000
1000
8.108043655658618
9.109725234165682
1000
1000
1000
8.113622266788166
0.0
1.3333743671611873
1.334267696141051
8.114280358256156
0.0
1000
0.0
8.121914081089313
1000
12.078314266153312
1000
0.0
11.356767164098109
8.109931781806592
9.03777470059999
1.3341093281205072
1.3342356713504644
1000
1000
0.0
8.111831796994236
12.094042176209529
1000
1.3338675062526328
1.333735300090909
8.118482144752425
8.104784174235544
8.129262108617654
12.146530240290074
1000
1000
1000
0.0
8.108347717759472
11.079286979767875
1000
9.102034523227513
8.10961262001078
1000
1000
1000
1000
8.112643802354361
1000
0.0
1000
1000
10.341286345120123
8.118096805100363
1000
1000
1000
0.0
1000
1000
9.806997998783528
1000
1000
8.107743987570785
8.130885632867894
8.105630736597924
8.102429707869835
1.334086337463885
1.3337495658041314
10.291680307630424
8.123412801923925
1000
1000
8.117571369917654
1000
1000
11.490751326459103
1000
12.422246144341392
1.3336163077670786
8.100945053869673
1000
1000
8.115049450992691
1000
1000
1000
1000
1000
1000
1.3337695955766706
1.3334675412470207
1000
8.959699237977313
1000
1000
8.11648875888773
1000
1000
1000
0.0
1000
0.0
1000
1000
0.0
8.134357160246878
1000
1000
1000
12.04060708567563
8.097009074221623
0.0
1000
1000
12.327899560498725
0.0
1000
1000
1000
1000
0.0
1000
1000
1000
1.3342544415069972
1.334099051432095
8.106302968402433
1000
8.096160705969684
1000
1000
1000
0.0
1000
8.10749102146477
0.0
8.104642827770894
1000
1000
1.3343088597683315
0.0
1.3335587773271502
8.116712669882167
11.583808913617398
1000
1000
8.12475514910943
0.0
1000
1000
1000
1.3338653904847895
1.333497372425652
1.3336363169785446
1.3335298452054622
1.3338103784306945
1000
1.3335468767215481
12.567253554666689
1.3341306084667481
10.93723531728297
1000
1000
1000
8.104416903660944
1000
1000
8.132580791676396
11.570627461376375
8.104335639678744
10.493160970629582
8.11654669398409
1.3341796184202435
1000
11.30669849431114
1000
1000
8.105113576083477
1000
8.121436958007045
11.692580014336666
8.099281039238747
8.129632145253735
0.0
0.0
1.3333908281255307
1.334305032166352
1000
1.3339713966487856
1000
1.33345449492242
1000
1.3337235054309062
9.505380605376128
1000
10.04034474971482
12.207874147517543
1000
10.75010861797048
8.106707329212755
1000
12.245022225884806
1000
1000
1000
11.899390386002526
8.114536964894318
1000
1000
1000
1000
0.0
8.118067517322508
1000
1000
0.0
1000
8.109686504498798
1.3340402950375867
1000
1.334292770129796
1.3334739486518994
1000
0.0
8.107749034048659
0.0
1.3342536581487643
8.123009583808143
8.128582051582049
1000
0.0
1.3338848387462159
1.3341433509095766
1.333522811121235
8.135972558753487
1000
8.126372399389556
1000
1.3337547166745292
1000
1000
8.098582167205485
8.128710675652481
1.3336512596286425
8.128195558805903
1000
9.662127487703353
1000
8.128313141688476
1.3343147832597844
1.3334578093488112
1000
1000
8.102011519188316
0.0
0.0
1000
1.3336814644134247
1.3338838831054651
1000
0.0
1.3336220138094343
8.131709990485145
1000
9.810800723431488
0.0
1000
1000
1000
8.100108163594768
8.134709545978083
1000
1000
0.0
1000
1.3336785527134478
8.12108100582432
1000
0.0
1000
8.131488892917154
1.333393435205958
0.0
1000
0.0
8.117059968596745
1000
1000
1.3340050674351016
1.3343050725379317
1000
1000
1.333364036226435
1000
1000
1000
0.0
1000
1000
1000
1000
8.100418439705445
1000
1000
1.3339890642945296
1000
8.122729207108781
0.0
1000
1000
1000
1000
8.105080841270572
9.849810187002848
1000
1000
1000
8.123212285022344
8.123157783321272
1000
1.3334685926342564
1.3337536068253657
8.10196804783286
1000
8.10143013922525
1000
8.099131749795536
0.0
0.0
9.279347279284504
0.0
8.132212890821252
8.114118287757899
1000
8.106491193142427
1000
1.3338310137317682
8.109782959079382
0.0
1000
8.118004107206882
1000
8.133974933186254
1000
1000
1000
8.132911319685757
1000
1.3338095245097874
1000
1000
1.3336437797492418
1000
0.0
1000
1000
1000
1000
8.10363522635217
8.689624786983435
1000
8.115584307430055
1.333477896137294
1000
1.3334560516757465
1000
1000
8.124929450717275
1000
8.110940248879002
8.100830252165224
1.3336151416650666
8.113723588439262
0.0
0.0
8.119308653329707
0.0
0.0
1000
1000
0.0
1.3338107910983947
1000
1000
1000
1000
1000
1000
1.3334239717339198
8.115886504745788
1000
1000
1000
8.136587029084541
1000
1000
1000
1.333681924570837
8.09991866155584
1000
8.13239834471033
1000
0.0
1000
1000
1000
1000
12.338320293770334
8.11037583215593
8.134904425837869
1000
8.10186838146518
1000
1.3343182775523434
8.123411848935524
8.111729319112188
1000
1000
8.111453523186803
8.103036535818237
8.117675213675842
1000
12.532866685528434
1000
8.100591761620885
1.3342533896041542
1.333644620148434
1000
1000
1000
8.105692225593602
0.0
0.0
1000
1000
1000
8.100160170212341
1000
0.0
1000
1000
8.138417688835206
8.095735350792957
0.0
8.11504335343313
1000
1000
1000
8.120950100652266
0.0
1000
0.0
8.101238337909857
1000
1000
8.126409072482847
0.0
11.81915158913524
0.0
1.3336349313895954
1000
1000
1000
1.3342478500659343
8.099337275034584
1000
0.0
1000
1000
8.135552155423822
1000
1.3335767465619117
8.119826996948209
1000
8.103666464671711
8.126517595590212
1000
1.3338388130848313
1000
8.133482414820097
1000
0.0
8.124643341482063
8.13120885334389
1000
1.3335185054849004
1.3337307180990576
8.135057636725334
8.11412832823641
1000
1000
10.656894479404848
12.374482298683942
1000
1000
1000
1.3342701105947425
1000
1000
1000
1000
1000
0.0
10.798459039518892
1000
1.3342802967982756
1000
1000
1000
1000
1.3334343015408212
1000
1000
1000
8.12957119618836
8.099353309446759
1.3336645270188716
1000
1000
8.10126833607005
8.13051977453626
1000
8.13338854343716
1000
8.11217207208933
1000
0.0
8.12841981896593
1000
1000
1000
8.125609239144916
8.130083260257983
0.0
1000
11.38946558654354
8.132370179506495
0.0
1000
1000
8.10759970728155
8.106003298314521
8.12813236298479
8.110901467581783
8.099760788041005
1000
1.3342070679614024
1000
8.134233447216337
0.0
9.771108383399776
0.0
1.3340780890591244
1000
8.116132836444017
1000
1000
1000
1000
8.12223088978213
1000
8.113657547625035
8.133146443376912
0.0
1.333856797073565
8.128262106661321
1000
8.135649233517668
8.09978137703626
8.134618693050578
8.133352009651611
1000
1000
8.09737312177722
1.333946024734449
1000
8.10558679211763
1000
1.3343038996083116
0.0
1000
1000
1000
8.114388882476392
1000
1000
0.0
1000
0.0
8.132617586627068
1000
0.0
0.0
0.0
0.0
1000
1.3337307202441644
1000
1.334008437704569
8.130437601755204
1.3339512639889592
8.131598004622564
8.113976003936381
1000
1000
0.0
0.0
8.122196871081766
1000
1.3338523141729306
0.0
1000
1000
0.0
0.0
1000
8.108335192217776
1000
1000
1000
1000
1000
8.110984032895894
8.123504102373943
1000
1000
1000
8.123946515158847
8.109155543819943
1000
8.117384132981057
8.120608944268945
1.333603467270598
0.0
8.107912718689743
1000
1000
1.3335301779361735
0.0
1.3342492496451956
1000
0.0
8.129420115823278
1000
1000
1000
8.136179847425813
8.122208544837216
1000
0.0
1000
0.0
8.105739157314016
0.0
1000
0.0
1000
8.124075306599677
1.334093592906526
1000
8.124753071865541
0.0
0.0
1000
0.0
8.13038235901911
1000
8.122862564630886
1000
8.127649398723593
1.33406552830455
1000
8.127579316476062
8.12942845825041
1000
8.126199933552005
8.111968755904844
8.122627175672234
1000
0.0
1.3335094837154031
1.3339967620758406
8.10009302331604
1.333748635566559
1000
1000
1000
1000
1000
1000
8.11493693858418
1000
1000
1000
1.3341963097493583
8.129540397850432
1000
8.115060873783307
0.0
1000
8.102349472234325
0.0
0.0
1000
8.132058455063055
8.130251305714301
8.104962392644756
1000
8.105552263228661
1000
1000
1000
1.333663236493813
0.0
8.107312886230602
1000
0.0
0.0
1.3339122712380698
8.10299617280248
0.0
1000
1000
1000
0.0
1000
8.117724830324171
1.3340296741835493
1000
0.0
1000
1.3336975963459423
0.0
8.134271620984324
1000
1000
8.120972981035854
8.105360269331143
8.110524649795861
1.333387711048359
1000
1000
1000
1.3338034453341632
1000
1000
8.13091974014351
8.128341898495403
8.10868120550425
8.126639875053963
1000
0.0
1000
8.098149210267684
1000
0.0
1.3340984723952678
1000
1000
1000
1000
1.3339430016729554
1000
1000
0.0
0.0
1000
0.0
1000
0.0
1.3334757930370085
1000
8.106781241074458
1000
0.0
1000
8.122690064082304
0.0
1000
1000
1000
1000
8.128176794274847
8.118212137598475
1000
1000
0.0
8.124239690510914
0.0
1000
1000
8.108757709390854
8.133151200714837
1000
1000
1.3339736190987015
8.107648355298625
8.096377450513783
1000
8.122997058254807
1000
1000
8.13604725165704
1000
1000
1000
1000
1000
1000
0.0
1000
8.12053118966347
1000
1000
1000
8.13355171311463
1.3341562983549504
0.0
8.111340326527406
8.129006045445335
8.125970672755523
8.101919121954076
1.3333387520578805
1000
1000
1.3341460018553222
1000
1000
8.112702762317868
1000
1000
1.3338529940010189
0.0
1.3343048700089013
1000
0.0
1000
1.3334955680515161
1000
8.107493714866715
8.133546554526609
1000
1.3339503344244295
1.3336186594088146
8.1110240475164
8.136380691871441
0.0
8.125225634678504
1.3337493603946915
1.333861193045273
1.3340607403154532
1000
0.0
0.0
1.3337780611677754
8.109365070249114
1000
1000
0.0
1000
1.334212486625486
1000
8.105934879789094
8.12580894390623
8.129807397824004
0.0
1000
1000
0.0
0.0
1000
1000
8.104015831073747
1000
1.334266187045731
1000
1000
0.0
8.121402061534125
0.0
1.3338232122187568
8.112341006461584
0.0
1000
1000
1000
1000
1000
1.3334742369733052
0.0
1000
0.0
1000
1.3339144066505249
1000
1000
8.129404334755327
1.3335566499901306
8.101875790438937
8.109296114178825
1000
1000
1000
0.0
1.333542267198852
1000
1000
1000
1000
1000
1.3334142957024577
1000
1000
1000
1000
0.0
1000
1000
1000
1000
1000
0.0
1000
1000
0.0
1.333788822169797
1.3334745385738707
1000
1000
0.0
1.3341908614581843
1.3339968802837516
1000
1000
1000
1.3340037092757389
1.3339379842830719
1.3338318159589866
0.0
8.10573662431087
0.0
1.3338708025021127
1000
1.3342767325628626
8.123116653759332
1000
1000
0.0
8.10565171696151
0.0
1000
8.134000198766998
1000
1000
1000
1000
8.13256955905018
1.3339385986444492
8.105543488418963
8.100200441950284
1000
8.121903356290778
8.097572769883367
1.3334482147742628
1000
0.0
1000
1000
8.11063581614517
8.126556209711206
1.3342533623032693
1000
1.3341478268775937
8.102337625231499
0.0
1000
0.0
0.0
1000
1000
8.10655121098909
8.115862674435645
8.098296984690224
1000
1000
0.0
8.105901774520706
0.0
1000
1000
8.126887605906127
1000
1000
1000
8.12635516327674
1000
8.132443437455644
1000
1.3335110951980025
8.119911405520504
8.112822963811723
1000
8.13029948307991
0.0
1.333728074274307
8.124700261396095
1.3336113998401895
8.105022615563366
1000
8.104648581188012
0.0
1000
0.0
1000
1000
8.12303176714063
1000
1000
1000
0.0
0.0
1000
0.0
1000
1000
1000
1000
1.3340561929808605
0.0
8.13054279316445
1.3342080049592853
1000
1000
1.3339629997433984
0.0
8.13421738047991
1.3340736360288756
1000
1000
1000
0.0
1000
0.0
1.3334557720343394
1000
1000
1000
0.0
8.129097577559355
8.10399657131755
1000
1.333749840538073
1.333698419290724
1000
1000
1000
1000
1000
0.0
1000
1000
0.0
1.3335561227105577
0.0
8.098821313688394
0.0
8.09886889270346
0.0
8.134003700522992
1000
1000
0.0
1000
8.1324949015043
1.3340007500972808
8.11366846416237
1.3335193797900673
1000
0.0
8.105082927737183
1000
0.0
8.101536348241622
1000
0.0
1000
1000
8.102797445907543
1000
1000
0.0
1.3342621762301468
1000
1000
8.13675429075649
1000
8.125679416183726
1000
1000
1000
0.0
1.3333506416279908
1000
1000
1000
8.10163927998049
1000
0.0
1000
1000
1.3341105904005486
8.130655213978402
1.334220600653616
1.333633609028354
0.0
1000
1000
0.0
8.115184915491351
1000
8.096473137102583
1000
1.3341511327738833
1000
1000
8.099630904313262
1000
1.3336945779757416
8.105839422584387
1000
1000
1.3334747965334397
1000
1000
1000
0.0
1000
1.3336320007740623
1000
1000
8.108321244643765
1000
1000
8.096286754408473
1000
0.0
8.1149659011453
1000
1000
1000
1000
1000
8.128907916945193
1000
8.123069322714821
0.0
0.0
8.109716992118077
0.0
1000
1000
1.3336722752087857
1000
1000
0.0
1000
8.122040929339926
1000
0.0
0.0
1.3338169593274483
1000
1000
1000
0.0
1.3335056449042137
0.0
8.118414949342332
1000
1000
1000
1000
8.11498239895603
0.0
1000
1000
8.123643022771851
0.0
0.0
8.118844562937657
1000
1000
1000
1000
1000
0.0
1000
1000
1000
8.112348639438094
1000
1000
1.3343083642373954
8.122816413068655
1.3335402686813893
1000
1000
0.0
8.130339373095532
1000
0.0
1000
1000
1000
8.106175847774331
0.0
1000
1000
1.3339891610103976
8.105919676958273
1.3337963769558532
0.0
1000
0.0
0.0
1.3334551188531245
1000
0.0
0.0
1000
0.0
1000
1.3342673202266364
8.103496486631387
1000
8.136393642460366
8.109953349096655
1000
0.0
0.0
0.0
1.3338343870413354
1000
8.11624182237123
1.3337121717564173
1000
1000
8.11284956894696
8.130491179456486
1000
1000
1000
1.3333659755873575
0.0
1000
1000
8.126271800910795
8.110108986722611
1000
1000
8.13338564243383
1000
1.333982547068533
1000
8.10800296057607
1000
1000
8.102052580001784
8.115729343839684
1000
1.3337533228543264
1.333376863874719
0.0
1000
1000
1000
1.3335041904629972
1.333959191615065
8.139071371979403
8.122092350610846
1.3342285072256834
1000
1.3336356381324503
1000
1000
1.3340630469271626
1000
1000
8.127305865976677
0.0
0.0
8.121699114911248
1000
1000
0.0
1000
0.0
8.121519693554834
1000
1000
0.0
1000
1000
1000
8.113069263216742
1000
8.130885009235023
1.3338594831770245
8.12894238604133
1000
8.100075090438217
1000
1000
0.0
8.119762776234216
1000
1.3335316593989897
1.3334144849347211
1000
8.134550218449615
1000
0.0
0.0
1.3341308943251091
8.110437915054575
1.3339657169924564
0.0
1000
0.0
0.0
1.333694038245624
1000
1000
8.11396522057179
1000
1.3333773786672707
8.122585737384867
1000
8.114694039121712
1000
1.3343244361716275
1000
8.118284879414047
1.3339680612294909
1000
1000
1000
8.115611092044986
1000
0.0
8.117004006105878
8.097274590142332
0.0
1000
0.0
8.120979916273976
1.3336957898480124
0.0
0.0
1000
1000
1.334270105425854
0.0
0.0
1000
1000
8.135179205231395
1000
0.0
1000
8.128280139286726
1000
1.3341881599711025
1000
0.0
0.0
1000
1000
1000
8.138340078471316
1.3339308715307299
1.3336930077415856
8.129582280084863
1000
1000
8.123037874823646
1000
1000
8.100878518523164
0.0
1.3341062687426657
0.0
0.0
1.3335823370339372
1000
1000
8.116656905719433
1000
1000
1000
8.110470929364539
1000
0.0
1.3343300456159688
8.129882543534654
1000
8.107675839104278
8.132355640386773
8.134756596188954
1000
0.0
8.121209827602359
8.104045826160242
0.0
1000
8.109946755136558
8.113129153723303
1.3339647021171828
1000
1000
1000
1000
8.13183993517844
0.0
1000
1.3337808728342646
0.0
1000
1.3341391268460858
0.0
1000
0.0
8.115522601603745
1000
0.0
1000
1000
0.0
1.3334307177025668
1.3334372949287006
1.3336863047052423
1.3342519244925732
1.333681658908961
0.0
1000
1.334205130266624
1000
1000
0.0
1000
1000
8.125689962450274
1000
1000
1000
8.111379214812168
0.0
1000
1.3340294966224018
8.099968773423779
1.3340396216766803
1.333681970313197
1000
0.0
1000
8.111115388145206
0.0
1000
1000
0.0
1000
8.121600141595396
1000
8.110607435455261
8.105976832107935
1000
1.333511895578656
1000
0.0
1000
1000
1.333552561958242
0.0
1000
1000
8.136588426565881
0.0
1000
0.0
1000
0.0
8.114127706328008
1000
1000
8.13172143334323
1.333823221813957
0.0
1000
0.0
0.0
0.0
1000
0.0
1000
1.334191779703815
1.3341421580577344
1000
1.3334704387136718
1000
8.11923806466934
0.0
1000
1.3335418202387557
8.098620761586488
0.0
8.10118620490741
1000
8.11959043551204
1000
8.118230713723998
1.3335037855112304
1000
8.135989217188442
1000
8.124347322761512
1000
1000
8.132052712813532
0.0
0.0
1000
1000
8.11524088215137
8.10431415474416
1.333860260618764
0.0
0.0
0.0
1000
1000
1000
1.3341077283379055
0.0
1000
1000
1000
1000
1000
1.3336277216051249
1.3335501423230156
1.3333937169814218
1000
0.0
1000
1000
1.333489090486021
8.101163554751492
1000
1.3335552768012184
8.111725830680635
1.3334486634196114
8.099319384409945
0.0
1.3341084445515619
0.0
0.0
8.112496060248146
8.103860998791301
1000
1000
1.3337369708872833
1000
0.0
1000
8.10517270337867
0.0
8.135849844440878
1000
1000
8.122039542626162
0.0
1000
1000
0.0
1000
8.11277877606182
1000
0.0
1.3335770192426963
1000
1000
0.0
1000
8.117593019471474
1000
1000
0.0
1000
0.0
8.122279524613898
8.098878200611942
8.13119943680227
1000
1000
8.110548467282225
1.3342481329911884
1.3336358968981257
1000
1000
1000
0.0
1.334011515201133
8.117084680351505
8.102585716113769
1000
1000
1000
8.098884342512926
1000
1000
0.0
0.0
0.0
1000
1000
0.0
8.123919382085063
1.3342785766536056
8.113621223473064
0.0
1000
0.0
8.134478509395397
1.3336349835233423
8.126103070445982
1000
1000
1000
1000
1.3334227518640718
8.128711333982407
1000
1000
8.125531848180826
1.3333731447608614
0.0
1000
1.334015487330243
1.3339335057253143
0.0
8.121213321427048
0.0
0.0
1000
0.0
1.3335922916805005
8.107511106011424
0.0
1000
8.123281257777856
1000
1000
0.0
0.0
1000
0.0
1.3340585792112274
0.0
1000
1000
1.3338948920969502
8.12474457422445
8.122421408251755
1000
1.333618635950771
8.114977337532686
1.3341410825193254
1000
0.0
8.134475553195273
0.0
0.0
1000
0.0
1.3342813318724447
1000
1.3339193487449363
8.106063397381835
0.0
1000
8.12093618830402
1000
8.098390135117999
0.0
0.0
0.0
8.11835253875209
0.0
1000
0.0
8.133836031644865
0.0
8.103107588456597
1000
0.0
0.0
1.334047985433932
8.133046182466998
8.108076526801609
1000
1000
1000
0.0
0.0
8.097930413753414
1000
8.111188606336448
0.0
1.334068283829601
1000
1000
1000
1000
1.3342456567924874
1.3342723413053763
0.0
0.0
0.0
1.3341359051031003
1.3340500305104666
0.0
0.0
1000
0.0
0.0
8.112346616886173
8.12008238322473
1000
1.3338241168760063
8.112364598736983
8.103737664089442
0.0
1.3334304491473017
1000
1.333661129619626
0.0
1000
8.115103423956382
0.0
1.334323620077032
8.113701272507596
1000
1.334047788561817
1000
8.116828906289019
0.0
1000
1000
0.0
0.0
8.107460542380595
0.0
0.0
8.111536113353454
1.3340738589023007
0.0
0.0
8.127309668451845
1000
8.10091489684133
8.101077663521957
0.0
1.3340708371064847
1000
8.118169642600627
1000
0.0
1.3335931745583156
1.3336160809942537
0.0
1.3339825662155809
1.333628463955217
0.0
1000
0.0
1000
0.0
8.099627033141754
0.0
1000
1000
1000
1000
8.111094084058601
1000
1000
1000
1000
8.10657783819092
8.117558696225409
0.0
8.120086223318085
1.3334481511279195
1000
0.0
1000
1000
0.0
1000
1.3338874419881839
0.0
1000
1.3342296088291137
1000
8.10651962197153
8.102127017518061
1.3336381825743318
0.0
1.3337180761009662
1000
1.333855316718512
1000
1000
8.127279520231793
0.0
8.101999801995602
1000
8.131817813815768
1.3336297227031093
8.126756324786832
1000
0.0
1000
1000
1.334117238636313
0.0
1000
1000
8.134777755837122
1000
8.114160622230196
1000
0.0
1.333730811558881
8.116486304457695
1000
1000
8.128226895223785
1000
1.334082707667359
8.108822762021378
8.10265919559687
0.0
1000
1000
0.0
0.0
0.0
1.3339796680971245
8.115251062736403
1.3338606188067534
0.0
8.12675500985108
1000
1000
1000
0.0
1000
1000
1.333775566702378
1.3333726016854546
0.0
8.112621001245303
1000
8.130620680383442
1000
1.3334041011180229
1000
8.12837616783517
0.0
0.0
8.098975314864939
0.0
8.128109111540637
8.13490553670282
1000
0.0
1.3335427409898812
0.0
1.333804491270865
0.0
8.116234990162418
1000
1.333937288484944
1000
0.0
0.0
1000
1000
8.110715943116734
1000
8.102928136087906
1000
1.3336449704780842
1000
1000
1000
0.0
1.3337841197196025
1.3340862622263137
0.0
1000
0.0
1000
1000
1.3343175251216575
1000
0.0
1000
0.0
8.10827194759669
1000
1000
1.333996709448263
1000
1.3337790978301265
1000
1000
0.0
0.0
8.128752433207794
0.0
0.0
1000
1000
1000
0.0
8.099994378298724
1000
8.113515617434048
1.3340209328860302
0.0
0.0
1.3342869109996467
1000
0.0
1000
0.0
0.0
0.0
1000
0.0
1000
0.0
1000
1000
1000
0.0
1000
1000
0.0
0.0
8.10125991146544
8.119525371254472
0.0
1.3337347787302238
1000
1000
8.112774446356568
1000
1000
1.3335213741793728
0.0
0.0
1000
8.115204584286124
1000
1000
8.106202997335526
1.3336669656896518
1000
1000
1000
0.0
8.111799891847667
1000
1.334250030461309
1000
1.33424411734336
0.0
1.3334672142063362
1000
1000
0.0
1000
1.333978081307914
0.0
1000
8.111448983866794
1000
1.3334932398882726
1.3337987147376256
1.3338337286236364
8.113350754952803
0.0
1000
1000
1000
8.110826725686877
1000
1.3340178850432667
0.0
1000
8.111264538531822
1.334233236747919
8.104218759978595
1.334165657000662
1.3339269755951073
1000
1000
0.0
1000
1000
0.0
1000
8.120103807269714
1000
1.333472556272182
8.10893991036196
0.0
1000
0.0
1.3334502839671736
1000
8.123717195180351
1000
1000
1000
0.0
0.0
8.102289519009702
1.3338148831372871
8.134821376437133
1.333673814927844
1.3337443601006536
1000
0.0
8.131973801266534
0.0
8.125519705944008
0.0
1000
0.0
8.122463702552842
1.334047824734998
1000
0.0
1000
8.120214913585317
1.3341695463516239
1000
0.0
1000
1000
1.3340833278806221
1000
8.101830038682674
8.13088721087018
1000
8.125350828015442
1000
1000
1000
1000
8.105995269318322
0.0
8.105313193980265
1000
1000
0.0
1000
1000
8.137248166778273
0.0
0.0
8.09979771839523
8.105628331964635
1000
8.113637244889992
0.0
8.135894727292154
1000
1000
8.120040954755089
1000
1.3334951915187991
1000
1000
0.0
1000
0.0
0.0
1000
1000
1.3339131535737085
1000
1000
1000
1.3342915499514718
1000
1.3336249249522534
8.122915983972884
8.134978643246107
1000
1000
1000
0.0
1.3342197665920041
1000
1000
1.3337503006880933
0.0
0.0
0.0
0.0
8.11974048105034
0.0
1000
1.3335687095243798
0.0
0.0
1.3337770574544265
0.0
1.3336092740457042
1.3342420730482707
0.0
1000
1.3342293668601553
0.0
0.0
1000
0.0
8.097815392332016
1000
8.10418624129852
1000
1000
8.109640677351322
0.0
1000
0.0
1000
1000
0.0
1.3341385744437866
0.0
8.123310434710898
0.0
8.133913622806634
8.12057083099943
1.3336167123031357
0.0
1.333393536009905
1000
8.10812773420478
0.0
1.3338317117760246
1.3340021615881648
8.119871542576934
1000
1.3343239545622805
0.0
1000
8.103240414812424
1000
0.0
1.3342246347771165
1000
1000
1000
1000
1000
0.0
0.0
8.109162081854466
8.121684382303627
0.0
8.128223715710789
8.1313356511315
1000
1000
1.3341363949608336
1000
1.3340967713075094
0.0
1.3342353028910243
0.0
8.118022599206956
1000
1000
0.0
1000
0.0
0.0
1000
0.0
1000
1000
1.3340622833030769
1000
0.0
0.0
1000
1000
8.119171518768962
0.0
1000
1000
1000
8.105143293445002
1000
0.0
8.10620846847541
1.3339069227013327
1000
0.0
0.0
1000
1000
0.0
1000
0.0
0.0
1.333725694015172
1.3341604714602184
1.3337832415337663
1000
1.3336585431330423
1.3335592076218776
1000
1000
1000
1000
1.3339408744643315
0.0
0.0
1000
1.3338333032626366
1.3340661034044292
1.3339509464949608
1.333802336289645
1000
1000
0.0
1.3339218277165543
1.3334147862445933
1000
1000
1000
1000
8.119400693291519
0.0
1000
0.0
8.134163718005519
1.333676607701422
8.12214813112804
0.0
8.127183891472777
0.0
1.334331687634366
1000
1000
10.045113169662438
1000
1000
1000
1000
12.146800942262013
10.562831156438184
1000
9.075321840831654
1000
12.137503994027544
11.600162177995411
1000
1000
1000
1000
1000
10.787884014021975
9.274061193587611
1000
1000
10.152529810035649
1000
1000
1000
10.428479507701855
1000
1000
12.415560790109875
1000
1000
1000
1000
1000
8.867543864199149
1000
1000
1000
1000
1000
12.417819755820485
1000
1000
9.220458986268202
10.071883218579101
1000
1000
1000
9.767609480856654
1000
1000
11.628951550428406
11.196411663525895
1000
11.875797671975437
1000
1000
1000
1000
1000
10.982540762041895
9.974955094410499
1000
1000
1000
1000
1000
1000
1000
1000
11.650138198533574
1000
1000
1000
11.809512396721198
1000
11.234068693838035
1000
1000
1000
1000
1000
12.49447763473166
1000
1000
9.430535381833437
1000
1000
1000
1000
1000
1000
1000
1000
1000
1000
1000
1000
1000
9.85217619975245
11.172082812259521
1000
10.4670139380197
10.633748126396712
9.350077041807948
1000
1000
11.206789052064163
1000
1000
8.881642606625158
10.555296562780581
9.577493666325454
1000
1000
12.072387246520659
10.57367853503656
1000
1000
11.219110300499391
11.505919475664225
1000
11.746869224587435
1000
1000
9.198020622021986
1000
1000
1000
1000
1000
1000
1000
11.429145499546486
1000
10.101231890286968
1000
1000
1000
1000
1000
1000
9.758270600770478
9.592902332442863
10.38146078252015
1000
1000
1000
1000
1000
10.370209844094726
1000
10.093713463427386
1000
9.464501837251932
1000
11.25129920801788
1000
1000
1000
12.599946847884583
12.302925633822504
11.867758341445347
1000
1000
12.472127151095163
1000
1000
11.421042262655625
1000
9.385629217711672
1000
1000
12.615744286758467
11.998140280194264
1000
1000
1000
1000
1000
1000
1000
1000
1000
9.045021357898943
1000
1000
1000
8.910913303541543
1000
12.14259510687474
11.56233139287444
8.83807418754653
1000
1000
1000
1000
1000
1000
1000
1000
1000
8.876469166004485
12.217173252170127
1000
1000
11.806155003089536
1000
1000
11.866427248630032
11.061558184650528
10.098447229074676
1000
1000
9.016500938294019
9.326362205356013
1000
1000
1000
1000
1000
1000
1000
9.80126863611492
1000
8.667766238443175
1000
1000
1000
1000
1000
1000
1000
9.08561809197674
10.74315961066864
1000
1000
11.041883064152042
10.982060382681043
12.215740756879365
1000
1000
1000
1000
1000
1000
12.276956339650111
1000
1000
9.302884171908605
12.520411219259314
1000
1000
8.853513304429686
1000
8.835468705869083
8.670070636947415
1000
1000
11.060963607671674
1000
1000
9.657158642936997
9.743176954612396
1000
9.534953402957118
1000
10.664985083212542
1000
1000
1000
1000
1000
1000
1000
1000
1000
1000
1000
1000
1000
10.477590971968219
1000
1000
1000
10.742033576284687
1000
1000
1000
11.284699657759887
1000
11.963942963610112
1000
1000
1000
1000
10.428124117624037
1000
10.198171105211216
1000
11.569920293707067
9.085682138982246
10.960228087598598
1000
12.487516351949857
12.52587209561228
1000
1000
11.68007725196578
10.315486861057844
1000
1000
11.206363420890899
1000
9.107235272244868
1000
1000
1000
1000
1000
9.977302790390267
1000
9.802235965991928
1000
1000
1000
1000
1000
1000
12.438611066143958
12.30812347870027
1000
1000
10.689183662569901
1000
1000
1000
11.790994653247656
12.43115430719261
9.35053284821894
1000
1000
1000
1000
1000
1000
9.20792216349729
1000
1000
1000
1000
9.332546472238443
1000
1000
1000
1000
8.901360609025959
12.258422229084
1000
9.416766652361847
1000
1000
9.170228331764267
9.461259734642006
11.797428623298606
1000
1000
1000
1000
1000
11.431989572625357
1000
11.639515293201024
1000
10.51967201644305
1000
1000
1000
1000
11.462116743253647
1000
11.92594358213072
1000
1000
1000
1000
1000
1000
1000
1000
9.331593123680559
1000
10.731602903264712
1000
1000
1000
9.075642291903058
1000
1000
1000
1000
1000
1000
11.350009465555296
1000
1000
8.943943229657004
1000
1000
1000
9.483144724640846
1000
1000
1000
1000
1000
11.519215047652898
12.442034516058197
12.243037170225259
1000
1000
1000
1000
12.15911726012253
9.983364995553908
1000
11.49379850389859
10.974550834518313
1000
8.818071993757696
1000
9.072265570934938
11.204954159911624
1.3338815531020707
0.0
1000
1000
1000
1000
11.355437622257833
1000
1000
1000
1000
10.625983911736508
1000
1000
11.275112260151724
1000
1000
9.690141476253878
9.405454475455839
1000
11.63487288856668
8.866602617996241
1000
10.473151701681296
11.256132963993592
1000
1000
1000
1000
9.836972601788878
1000
1000
1000
1000
0.0
10.35957309043544
1000
11.052858866117184
1000
1.3339924391384104
9.583370151680075
1000
1000
1000
1000
1000
12.003862580715614
10.606805825990511
1000
1000
1000
10.343467732368369
1000
1000
1000
1000
12.066620853227128
1000
1000
1000
10.693932095873347
1000
11.516385196826642
1000
1000
10.962744611137921
10.26664128238798
9.094795380717486
1000
1000
10.580902338642531
11.681907161340579
1000
1000
9.338554140403577
1000
1000
1000
1000
1000
1000
1000
12.320739258071457
9.412796523277333
1000
1000
10.105221665784697
1000
1000
1000
1000
1000
10.284175759375596
12.290228416003123
1.3334154207223199
1.3336747068174242
1000
9.493120680630959
1000
12.586582235360106
9.332693599017835
1000
8.92585341986312
1000
1000
1000
1000
1000
1000
1000
1000
1000
1000
1.3338164989981605
1000
10.247561123812217
1000
12.21317690477966
1000
1000
1000
1000
1000
1000
9.786992087370791
12.093587724948714
9.217427522697884
10.43864036557696
1000
9.00265466095523
1000
1000
11.529416669869018
1000
1000
1000
8.928059628137065
1000
9.174240621959465
1000
10.93332027389045
1000
0.0
1000
11.851135711912661
1000
10.872395778459538
1000
11.443883378377985
1000
9.126076585780332
1.3335872182731254
11.017251438118222
1000
1000
1000
8.925811208693785
9.767847110746125
1000
1000
0.0
11.239911903169276
1000
8.99025350387691
1000
1000
1.334078098259064
1000
11.297122424196798
9.717433918518903
10.165056249244698
8.85518367238259
1000
9.849524120904725
1000
1000
10.859546878443073
1000
10.254531078095345
1000
1000
1000
1000
1000
1000
1000
10.833878178848797
10.887581382708547
9.311165286146863
1000
1000
1000
1000
1000
1.3342351358800522
1000
1000
8.79251725947295
11.155532514622138
1000
10.097011386186114
10.77532657920297
1000
10.680126898452839
9.467460961154844
1000
1000
1000
1000
11.109788155309682
1000
0.0
1000
1000
1.33346982882405
1000
10.485989231807682
0.0
11.682405380920299
1000
0.0
1000
9.901208745083839
1000
0.0
1.3339542407532687
1000
9.006611914920382
1000
1000
1000
12.571999116658324
9.905906619533035
11.098181379463709
11.812909333841489
1000
1000
11.344812701419167
1000
1000
0.0
1000
1000
1000
1000
11.848490044240897
1000
12.287363121138421
1000
1000
12.226660726938038
1000
8.866801818748625
9.943974244665448
11.583409717811865
12.399449417155816
9.671976954592514
10.953431528624838
8.721625867030351
1000
1000
12.16953959119735
9.150609038021239
0.0
1000
1000
1000
1000
0.0
8.779545122144338
12.579105554782766
1000
9.62361140375779
1000
11.650787655255204
9.225758966734594
11.032648925315238
0.0
12.094743596325275
12.594919808486484
1000
10.892752117461635
1000
12.346062835284126
1000
1000
10.34172884767976
1000
11.496627702443812
11.796459776514972
9.596750677329979
1000
1000
1000
11.591009680304074
10.353244582438448
1.3341806386380346
11.565022888905212
10.35125603220952
9.452114033916743
12.394478747593187
9.48166254626856
1000
1000
1000
11.174537932741744
11.22745342054128
10.344515311850401
11.893049363691906
1000
11.794615447099897
9.502664301667888
10.283733710696312
9.068038561948798
0.0
9.342323615397557
1000
1000
11.8825239744185
10.928599233608887
1000
1000
11.650827971200655
11.650327508025823
11.422508167653763
9.912600217077197
9.188954555050927
11.047584939785958
9.98110124534623
1.3333709216459915
9.07338718538024
10.247422374943683
1000
0.0
1000
1.333981826358484
0.0
11.52188332987933
9.08558490521898
1.333520201067041
1000
1000
1000
10.81177787197907
12.457777073674992
12.588990197056166
9.735653824426329
1000
10.492681574427888
1000
1000
0.0
1000
9.96203093909744
8.889945556727366
12.62436688010205
1000
1000
9.533889147550132
10.821760919214778
12.491081073270308
1.33383383089072
1000
0.0
10.283322684475193
9.993737997397336
1000
10.613695236256499
1000
1000
1000
0.0
1000
9.948979661232837
11.648106479597141
11.701554401679745
1000
1000
1000
1000
10.467959573258462
10.973788092059198
9.077106435161458
12.591110646996011
12.453276551568539
1000
12.353443540668943
11.931869104795084
12.62568718951907
0.0
11.995925473257318
1000
8.810985255216705
11.413408669280443
1.333924503609428
1000
1000
0.0
10.060375982007393
1000
1000
9.896159813956334
8.964783978885718
1000
9.050813421231412
0.0
9.338984676341974
12.080244417958644
1000
10.231612992241857
9.798489104301824
9.95140570527158
11.684103894293699
8.691094937041743
1000
1.3343227930962314
1000
0.0
1000
12.3954926457297
10.98609862293788
10.643123159538263
9.053975830399825
12.04541949445302
10.509917084477829
0.0
10.77270269116968
1000
0.0
1.3335799511208217
1000
1000
9.589619517967414
1000
1000
9.851342214828607
11.285804673985009
10.044409663588333
10.106721023799535
1000
1000
11.679543155775239
11.488975651980098
12.419534258787428
1000
10.77283541646105
1000
8.822192509726207
1000
8.977091639283806
9.421692519436975
0.0
10.858384077245132
11.917768241128044
9.672710905509106
1.3337055847695178
0.0
10.525413735281727
10.352353969702763
1000
1000
9.274590181896526
8.752301237837706
1000
1.3337740860308462
1000
10.912290083041094
1.3334511743208355
10.039549924427265
12.204416651531643
9.422449683575437
11.818886641933034
0.0
9.316644555509319
1000
11.691603628703756
1000
1000
1000
1000
1000
1000
10.157641863640048
12.624545466252716
9.21050213425821
1000
1000
1000
9.502699858573006
1000
11.266733982944356
8.881775429347082
12.360266856888101
10.248578307406786
0.0
10.866648668019167
10.161789363364354
9.2838161123924
1000
12.27071474750724
9.021273640880462
0.0
12.322895793900262
1000
11.555681668327022
10.022913843013157
10.3530039685653
1000
1000
1000
10.066994257904918
11.210169456872178
1000
1000
1000
1000
1000
12.015000437290908
9.56782466439385
10.263168077822758
1000
1000
1000
1000
1000
8.980861274798983
9.266242134892318
12.171462380592882
1000
1000
12.074044596449976
0.0
0.0
1000
8.941234174142823
1000
10.053001450791385
1000
1000
9.646919340018988
11.89954508003967
9.360703710943797
9.20589134899566
1000
9.111864890748063
10.564585772293036
1000
1000
11.085323672567142
1000
9.56331423595862
9.621797425225438
1000
1000
1000
12.04263044060393
11.869935468454896
1000
9.765948052265674
10.675573405071532
1000
1000
11.117668899007102
11.80768355965339
12.523181017582964
1000
1000
9.591143040592373
9.258444163587274
8.859373543311788
11.694241621823362
8.781724405033376
11.037943039450317
0.0
12.453865284020205
1000
1000
11.100960763301794
1000
1000
1000
9.397766586268112
9.141037411776924
1000
11.143981368287857
1000
9.519628588852436
11.0140743860324
1.3334469677217569
1.3340381676575774
11.198300499707056
0.0
1000
9.049038497915088
10.309108222469616
1000
1000
1000
9.607472052730465
10.192478645370805
0.0
8.786178691497822
1000
1.333522158683934
10.783587875003235
1000
11.555394081457202
9.874666765803315
9.283340163106294
1000
10.539436710281858
11.601743875675405
11.80834579940682
1000
8.90087594318702
11.60512134260952
10.148448512965787
11.87243679107235
1000
1000
0.0
9.668086258114112
9.99362166496251
1000
1000
12.265601106027802
8.996638611904473
0.0
1000
12.041855302966901
9.602475099894736
11.825158703287183
1000
1000
10.895121427224712
11.319902891774198
0.0
1000
1.333919332151199
1.3335464275262854
10.870253276059216
1.3342662447482612
8.113757756768159
1.3339152814681448
1000
1000
1000
1000
0.0
1000
1.334260570738417
1000
12.616543025727713
1000
1000
0.0
0.0
8.11530493264947
1000
12.507551480539856
8.104034221933405
1000
1000
8.111953028527465
1000
8.11226075534126
1000
1000
8.112921893158008
8.098378122020732
1000
8.135962309274259
0.0
1000
1000
1000
8.875496804093784
1000
1000
1.3335433502517942
1000
1000
8.12614857534453
0.0
8.097151476879409
10.563644073211307
1000
1000
1000
11.446028073048929
1000
1.3338455074597857
8.1175164547543
0.0
1000
1000
1000
1.333497667398451
1000
1000
1000
1000
1000
9.664073233264618
1000
1000
12.563218588554877
10.856377604384885
8.119888635056531
1000
1000
1000
9.211888056729753
0.0
11.604486980750783
1000
1000
11.003251761795509
8.133528629462665
8.097840447292526
8.133465424032496
8.12179453424795
8.117355949835728
8.130800453351167
1000
1.3341439637220454
1.3333608225365439
1.3333338798605372
1000
8.133275872490401
8.102461071833162
1000
8.913489888953407
1000
1000
1000
1000
0.0
12.024621131493895
1000
1000
1000
10.300768589292455
1000
1000
1000
8.103340619018022
0.0
1.3336688981206952
8.103672907947514
8.133276602886857
8.681382023937257
1000
0.0
1.3340897924507347
8.11754763641235
1.3337969025076144
11.618021570638014
8.125045261324338
1000
1000
11.545850563782261
1000
1000
1000
1000
1.3340008006931448
1000
1000
1000
1000
1000
1.3334545869840795
1000
1000
8.129144634536386
12.415259723826173
1000
8.111325429068474
1000
1000
8.116317042214874
1000
0.0
8.103096374709393
1000
1000
1000
1000
1000
1000
8.122340419095647
8.121671284923947
8.099512762906265
1000
8.12714188231649
1.3333591937193936
0.0
0.0
0.0
0.0
8.10068468572144
8.109067551415231
0.0
1000
8.106609428311122
8.100517542372376
0.0
1000
1000
1.334075747630289
8.121255638715986
8.132531163270105
8.13166340750302
1000
0.0
1000
1000
1.3343146591776727
0.0
1000
0.0
8.096816569792121
1000
1.333642024364641
1000
0.0
1000
8.11202592013529
1000
1000
8.136749127039785
1000
8.107574748172663
8.119789328641435
1000
0.0
1000
1000
1000
1000
8.10429343426581
1.3336591004698957
1000
8.12704328704724
1.334017549392062
1000
8.116655029565269
0.0
1000
1000
8.13438669646976
1000
8.11591538639829
8.104232070258886
8.128057270182627
1.3340467350786598
1000
0.0
1000
0.0
1000
9.193859269218224
1000
1000
9.77510288946204
8.126279110477276
1000
1000
1000
1000
0.0
1.3334653066903335
8.09898390349232
1000
8.122345972402659
8.110383842978358
0.0
0.0
1000
1000
1000
1000
1000
9.964100246372178
1000
1000
1000
1.333818964170905
1000
1.333442071501134
8.114221004913603
10.643274682450334
0.0
1000
8.13070236201065
1000
1000
1000
8.124230726154838
1000
8.128862427332772
8.11533740352721
1000
0.0
1000
9.912925695287436
0.0
8.135159713896964
0.0
12.558554057499556
0.0
1.3335240746205077
8.11410018546283
0.0
1000
8.114436171788752
8.105741651175656
1000
8.12053458003314
1000
10.950400514792038
1000
8.121202788790637
0.0
0.0
1000
0.0
9.06021283599762
1000
1000
1000
1000
1000
12.532496760843607
1000
8.111305319969722
8.124846737828937
1000
1000
1000
8.103598224623262
1000
0.0
1.3334242816871933
1.33346236120144
1000
1000
8.132601870246617
1000
1000
1.333849410988198
1.3339218265797208
10.666551563226802
1000
1.3343107659979534
0.0
8.1211348064896
1000
1000
1000
0.0
1000
0.0
1.3336347499624133
1000
0.0
1000
1.3338935856412535
8.104214722347871
1000
8.118114591039937
1000
1000
0.0
1000
1000
0.0
8.10474406424645
1000
1000
1000
1000
1000
1000
1000
8.123213474801801
1.3339581959670654
1000
1000
1000
8.101767725334573
1000
1000
8.120863448236195
0.0
1000
1000
11.89709273232105
1000
1000
1000
0.0
1000
8.098816496661446
1.333411914815398
8.118563779220251
1000
8.134152544274349
8.131594524766808
1.333562020547899
8.112053964795605
1000
1000
0.0
1000
1000
1000
8.129158913948814
1.3337817123250282
1000
1000
1000
1000
1000
1000
8.118448304120085
1000
1000
1000
8.101085291032339
0.0
1000
1000
1.3335474356765102
1000
8.116418405562095
1000
1000
1000
1000
0.0
1000
8.138363692859762
1.334195120155741
1.3334411295666755
1000
8.107605024690635
1000
1000
8.134260444383498
8.107086073284995
1000
0.0
1000
1000
0.0
1000
1000
1000
1000
8.134439927313883
1000
8.109812036549005
1000
0.0
1000
1000
8.124602507164834
1.3336106158840257
1000
8.120092940476718
1000
0.0
0.0
1000
1000
8.108422328213429
1000
1.334021961791934
1000
0.0
1000
8.134681940184517
1.3341614333252554
1000
1.3343270273141439
8.099920575698896
1000
0.0
1000
1.3338437051230068
8.131156364184012
1.333427138224803
1.3335940820988001
1000
1000
8.120569450907855
1000
0.0
8.10779020128586
1000
0.0
1000
1000
1000
1000
0.0
1000
1000
1000
1000
1000
8.12319693135144
0.0
8.124252484157884
8.13278999456907
8.122474389688948
1.3334125058946262
8.108110707877948
1000
8.118589483382353
1000
1.3336737575428919
1000
1000
1000
8.121621528281638
1000
1000
1000
8.1149133571912
1000
8.13186595828077
8.13165032484567
1000
1.3340800424068089
1000
10.20971276752396
0.0
1.3338018764590422
1000
0.0
1000
1000
1000
1000
1.3333785684766626
1.3337630501401019
1000
1000
1000
1000
1000
8.104084650481255
0.0
1000
1.3341430099156575
1000
1000
0.0
1.3340608713438196
8.136830279647624
1.334164796279687
1000
1000
1000
8.13412172812638
1.3341785202976464
1000
1000
1000
1000
1000
8.12406973152279
1.333786977017759
1.33375566890354
0.0
8.09888367003524
1000
1000
1000
0.0
1000
1000
1000
1000
1000
8.131909851444538
8.129289745638493
8.097049517702445
1000
0.0
1000
0.0
8.103846350290304
1.3342818545193145
1.3341364556948803
1.334218683621149
1000
1000
0.0
1000
1.333770750614483
1000
1000
1000
1000
8.11325959512883
1000
1000
1000
1000
8.117131764396254
0.0
8.114676888894595
1000
1000
1000
1000
8.111447356066687
8.126091434624941
0.0
1.3334397554689688
1000
1000
1000
8.114429589775522
1000
1.3339524552212656
1000
1.3340241827160828
8.119439984188103
1000
1000
1000
1000
0.0
1000
1.3336845354730618
1000
1000
0.0
1000
1000
1000
1000
1000
1.3341059267013708
0.0
0.0
1.333425202242522
8.112644436102123
8.115728275862697
1000
0.0
1000
0.0
0.0
1000
1000
8.110025936907029
0.0
0.0
1.3341148442515214
1.3335914651016059
1000
1000
1.3342019467802582
8.126823716443187
1.333860114617624
1.333675017825049
0.0
1000
0.0
8.132593017407462
0.0
8.133310614048444
1000
1000
12.075326032163959
1000
1000
8.118431027577925
8.125170576931756
1000
1000
1000
1.3337834488077536
1000
1000
0.0
0.0
1000
0.0
1000
1000
1000
1.3341838516614954
1000
1.3341980528093784
1000
1000
0.0
1000
1000
1000
1000
1000
8.119329549158593
1000
0.0
1000
1000
1000
1000
1000
1000
1000
8.113540987089921
1000
8.129609942168244
1000
8.12184946702699
8.10447930996258
1000
1000
8.125113459462705
8.13474675986045
1000
1000
0.0
1000
0.0
0.0
0.0
1000
1000
0.0
8.119591862482878
1000
1000
1000
1000
0.0
8.098117059031205
1.3333540101059564
1000
1000
1000
1000
1000
8.1352923812986
8.100365416854704
8.109599572733224
8.11811406436105
8.10698039112736
1000
8.122952951541945
0.0
1.3336349467142565
8.108383801376654
1.3333430875122532
0.0
1000
8.12007231474312
8.12551269793457
1000
1000
0.0
1000
8.113636280214118
1000
1.3336011310627116
1000
1000
1000
1000
0.0
1000
0.0
1000
1.3338820332570063
1000
1.333581238556604
1000
8.128344101098001
1000
0.0
0.0
0.0
8.117959794683863
8.115324584391157
1000
0.0
8.097837815763688
8.116648064803163
0.0
0.0
1000
1000
8.106530765115734
8.101218863139295
1000
1.3339300680944632
1000
0.0
1.333752259142215
8.116923588412556
1.3333780031460243
8.100852923538575
1.3336607802713192
0.0
1000
1000
1000
8.128512551623329
0.0
8.127901241771806
1000
1000
0.0
8.132901102800242
1000
8.119702817152467
8.134112928489998
8.132061169407274
8.131042680444153
8.119563739519762
1.3341875442043045
0.0
1000
1.3342919494065886
0.0
0.0
1000
8.12619323277303
1.3336776231280874
0.0
8.113036980292886
8.128539566835986
1000
1000
1000
0.0
1000
0.0
1000
1000
1.3339952775460175
8.1053583264875
1000
1000
1000
1000
1000
1000
0.0
1.3336312912415333
1000
8.131656043113535
0.0
1000
1000
1000
8.115558166477925
8.123382379459937
8.095639942608312
0.0
0.0
0.0
8.10863657044626
0.0
1000
0.0
0.0
8.130815422098909
8.103800810047394
1000
1000
1000
8.104169471701624
8.13560568262411
0.0
1000
1000
1000
1000
1000
1000
1.3338127685069912
1000
8.113763895638373
1000
1000
8.125893912833984
0.0
0.0
8.120308287129452
1000
8.104750994762602
1000
8.11616378912646
1000
1000
0.0
8.129354405266364
0.0
1000
1000
8.101552183125175
1000
1.3338089986302604
8.118743372321019
8.137442400133587
8.117301388977296
8.106541932741857
1.3339108944424203
8.132513242591404
1000
1000
1.3334317089175252
1000
8.104036592980385
0.0
1000
1.3337862977953812
1.334308756934047
1000
1.3341484047449357
8.117945474047866
0.0
1000
1000
0.0
1000
1000
1000
1000
8.109674436400537
8.126002163030645
8.131585269244995
1000
1.333682616173764
1000
1.334102421181057
1000
8.102822263586907
1000
1000
1.3334940730231983
8.13183312773098
8.107121564895685
1000
0.0
8.114621102888389
1.3334749532228973
0.0
8.098740810259837
1.3339964967085076
8.11876325940754
1000
0.0
1000
1000
1000
1.3343228254708333
8.12626201696722
8.134944864040449
1000
1000
1.3334015648901976
0.0
0.0
1.333984487197723
0.0
1000
8.106248219123994
1.3334431600716665
1000
0.0
8.119341220972226
8.129163543985232
1000
8.102453805160252
0.0
1000
8.119999656706597
1000
1000
1.3333736646010517
1000
1.3340450100058145
1000
1000
1.333813918175335
1000
1.333933570306783
1000
1000
1000
1000
8.103100421525067
8.125896963076622
0.0
1000
1000
1000
1000
8.111796910691446
8.116207914500405
0.0
8.099274061607728
0.0
0.0
8.102179563224672
8.112396468894323
8.105790178511674
8.127329417086209
8.134635148483582
1000
1000
1000
1000
8.134575789846082
8.128734376154853
8.117499058810418
1.3334859537252528
1000
1000
1.3340207280808243
0.0
0.0
1000
8.11550487652799
1000
1000
1000
1000
1000
8.137450489075881
1.3340784422084415
1000
0.0
0.0
1.3342468037393833
1000
0.0
1000
1.3336739074125428
1.3337093846961439
1000
0.0
8.107769334373115
8.132539199328995
8.117914255383612
1000
8.121141181703564
1000
8.10308957416249
8.113378479244696
1000
1.3337133463917066
8.100186986301756
1000
8.128690987861606
1000
0.0
1000
1000
8.122676058511644
0.0
0.0
1.3338926870346006
8.113857720888706
1000
1000
1.3341568380263507
8.108460272413884
8.10671129077515
0.0
8.107436753256978
1000
1.3333506043762613
1000
1000
8.117670063567372
8.1170579863309
0.0
8.128704296435354
1000
8.099968970096548
8.10343921620357
1000
8.12023374484557
8.11124789192316
8.134444245800326
0.0
1000
1.3335094813550832
1000
0.0
1000
8.125903547565983
1000
8.115714785808732
1.3340385250379996
1.3340016536042871
1.334021778885003
1000
1.3334245048813573
0.0
1000
8.132432521118368
0.0
0.0
0.0
1000
8.116564020802544
1000
1.3333687390420388
8.113455968370847
0.0
0.0
1000
0.0
1000
8.111258722247952
1000
8.114099743681635
1000
1.333819541453015
8.118209328746993
1.3342174118197758
1000
1000
1.3339803584104735
8.10528292523116
0.0
1000
1000
1000
1000
1.3339681751170003
0.0
1000
1000
1000
1.333999510682137
0.0
0.0
1000
8.097388438359667
1.334331543815989
1000
0.0
1.333650505056105
8.109171634714366
0.0
1000
8.110050662480507
8.098306522391171
0.0
0.0
1.334217488478318
1.3341933277876454
0.0
1000
1000
1000
1000
8.133294804999672
8.114155776881537
0.0
1000
8.124085797375056
1000
1000
1000
8.119389984427302
1000
1.3342980844188925
0.0
1000
8.123046391706765
1000
1000
1000
1.3335473651499747
1000
1.3333762588489435
0.0
1000
1000
8.105478746674562
1000
8.115297340159847
1000
8.137296253694137
8.120930340908428
1.333981658318424
1.3335797822710305
1.3337697913971762
1000
1000
1.3335479008991937
1.3339774050458668
8.098749734519656
1.3340778270962192
0.0
1000
0.0
8.131213120362098
1.3338440358234698
8.106957506686786
1.3334701064748724
1000
1000
8.123517950113763
1.3336329726586333
1.3339727322416353
0.0
1000
8.121123247028935
0.0
0.0
1000
0.0
0.0
8.129970297475825
0.0
0.0
1000
8.112984523937351
1000
8.132948754804453
0.0
1000
1000
1000
1000
1000
1.3337985158313719
1000
1000
1000
0.0
1000
1000
1000
1000
0.0
1000
1000
8.135689316903834
8.12546835932105
1.3340418557946916
0.0
1.3333693598393785
0.0
1000
1000
1000
0.0
8.116958155216567
1000
8.122863292047185
1000
1000
1000
8.12015577902803
8.129533194649682
1.3341487733113495
1.3339340506753194
1000
8.128469019518795
1000
0.0
1000
1000
8.113469199671515
8.130069923351652
1000
1000
1000
0.0
0.0
0.0
8.107567054684543
8.100271454218502
1.3334914685888029
0.0
1.3341933524801821
0.0
0.0
0.0
1000
1000
8.114512713065501
0.0
8.101175551419725
8.112932803302625
1.3336474111595786
0.0
0.0
8.102144509133865
1.3339216430143632
1000
0.0
0.0
1000
1000
1000
1000
1.3334818772493362
8.098329262319549
0.0
1000
8.126263151061918
1000
8.111283125153717
1.33380490440797
1000
1000
0.0
0.0
8.105241301823304
0.0
1000
0.0
0.0
1000
1000
0.0
1000
1000
1.334331498106471
1000
1000
8.123008615891663
1000
1000
1000
1000
1.3338401675717557
1.334172000099262
1000
1000
8.127528075545143
1.3334569280087423
8.133494879644989
1000
1000
1000
1000
1000
0.0
0.0
8.110203404386473
0.0
8.133185788113565
1.333722566679032
1.3333340088173848
0.0
8.108107440217264
1000
1.3339574786833905
1000
1000
8.119725095816623
0.0
1000
1.3334055548061163
1000
1000
1000
1000
1000
1000
1.334065314702071
1.3334619126607714
8.125923242504903
1000
0.0
8.107008536473852
1000
1000
1000
1000
8.110113650751016
1000
1000
1000
1.333839332291907
8.119984348708897
1.3335192362309662
1.3334233010577947
8.102821449837203
8.132045035353931
8.09949266554351
1000
8.117545723392206
1000
1000
0.0
1000
1000
1.3335889241286636
1.3340451933424726
1000
1000
1.3340750390885505
1000
1000
0.0
1000
1000
0.0
1000
1000
1000
1000
1000
1000
1000
0.0
8.120871958045129
1.3333764322937876
8.138345559787439
1000
0.0
1000
1.333727433389414
8.132287588883798
0.0
1000
1.3333457499616859
1000
1000
1000
1000
1000
1000
1000
1000
0.0
1000
1000
1000
1000
0.0
1000
1000
1.3335568598107899
0.0
1000
1.3341152145556678
8.10480347562704
1.334017270621114
1.3337756092072977
1.3335368556431568
1000
0.0
1000
1000
1000
8.104824558292934
1.3336615848345441
0.0
8.109882303479653
0.0
0.0
0.0
0.0
1000
8.125829140892748
1000
0.0
0.0
1.333966915268395
1000
1000
1000
8.122103217256408
1000
0.0
1.3335566875956721
0.0
1.3337251414105897
1.3336121140732577
1.3341746122110614
1000
0.0
1000
1000
1000
1000
1.333774546264681
8.126270404747101
8.104218275593558
1.3341782097779928
0.0
1000
1000
1.3335409960934739
8.131908490100182
1000
1000
1000
8.106269955859132
1.3342561943687108
1.3342821836676244
1.3338240789876805
1000
8.133783489124603
1000
1.3339821432289312
8.101311739247794
8.130608206208947
1.3333838011166907
1.3341766097224967
1000
8.104731455880275
0.0
0.0
0.0
0.0
1000
0.0
8.134175421986615
8.132064776491513
1000
1000
1.3341007225849282
0.0
1000
1000
1.3333819427070477
1000
1000
1000
1000
8.104389931563373
0.0
1000
0.0
0.0
1000
1000
1000
1000
1000
1.3341449975120787
1.3335753985258003
1000
1.333638061167899
8.12130417622558
1000
1000
1000
0.0
0.0
8.10275889241434
1000
8.128064104543752
1000
1000
8.118711661815874
0.0
8.09898229007874
1000
0.0
1000
1.3336896132971476
1000
1000
1000
0.0
1.3337398400032918
0.0
1000
1000
8.121213109546702
1000
1000
1000
1.334104873311667
8.116384285863425
0.0
8.125803520062766
1000
0.0
1000
8.131199225268283
1.3335403384961404
8.10951754226443
1000
1000
1.3343095943453227
1.333720217262233
8.136602974070701
0.0
8.129801903341823
1.3342618624939506
1000
0.0
1.3336995700124212
0.0
1000
1.3335317190404605
1.3341589824849618
1000
1.3339679601869814
1000
1.3340098921248433
0.0
1.3338676060383865
1000
0.0
1000
0.0
0.0
1000
1000
1.3341194181694505
8.115028440924192
1000
1.334262789769857
1.3341761612761847
1000
1.3334726003435917
8.126559925004287
1000
0.0
1000
1000
1000
1000
1000
1000
1000
0.0
1000
1000
1000
8.116911668984208
0.0
1.33334252202537
1000
1.333591359792585
1000
1000
1000
1000
1.3343175181813578
1.3333681551110976
8.099444449612271
1000
1.333830416166648
1.334160111883446
1.3333898821686139
1.3336453278535156
8.110962250144459
0.0
1000
8.110024870562606
1.3338975633426702
0.0
1.3335657938487888
1000
8.129658645774281
1.3341593595385948
1000
1000
1000
1000
8.097329096964533
1000
1.3341710260742485
1000
0.0
1000
0.0
1000
1.3341179264509966
8.129867647548469
1000
1000
0.0
1000
1.3341087897167643
8.11389008351776
1.3336713899810542
0.0
1000
1.333886354114753
1000
1000
1000
1000
0.0
1000
1000
1000
8.13068965837611
1000
8.117576978899612
0.0
8.128683346180825
1000
1.3334722534428278
8.120402309309668
1000
0.0
1.3339535912585698
1000
1.333848852591927
1.3335162090254373
8.10431421202792
1000
1000
1000
8.123050617826747
8.097079394662808
1000
8.126613923623546
1000
1000
1.3339017427755555
1.3341372630997976
1.3336749398573156
0.0
1.3335772546723303
1000
8.116195912295828
8.125085674158997
1.3341183522758602
1000
0.0
1000
1000
1000
0.0
0.0
1.3337934447671131
0.0
1000
1.334021567403568
1.3340753925852562
0.0
1000
1000
0.0
0.0
1.333909246797681
0.0
1.3339358237949142
1000
1.3337504795416604
1.333820780534516
1.3335092214530004
1000
1000
1000
8.125038553471008
1000
1000
0.0
1000
1000
1000
1000
8.116806201640355
1000
1000
1000
1000
1000
1.3338391187327527
1000
1000
1000
0.0
1000
1000
1000
0.0
1000
0.0
1.334140811111143
1000
1.3334121673230201
8.110006531919726
0.0
1000
0.0
1.3339549989183388
1.3333889359239142
1.3341173538748292
0.0
1000
0.0
8.11434272910058
1000
1000
8.113250066660466
1.3335587811324925
1000
0.0
8.102841346408228
0.0
1000
1000
8.12826152153464
1.3338877197639463
1.3341998920015887
1.333803501688536
1.334100917975262
1000
1000
1.3338052740375939
8.133501443816431
1000
1000
0.0
1.3342329302042613
0.0
1.3341736679471177
0.0
1.3337980716797677
1000
1.333996844360834
1000
0.0
0.0
0.0
8.1022978567299
1000
0.0
1000
8.117581096090007
8.12398854658306
0.0
0.0
1000
8.104710995568013
1.3340428785928002
1.333893164220632
1.3337098468159418
8.097982144874017
8.130312531687375
0.0
1000
8.121819263764978
1000
1000
1.3336733326356827
0.0
1.3335192853950806
1000
0.0
0.0
8.117308724513718
0.0
1000
1000
8.11020092325566
0.0
0.0
1000
1000
0.0
1000
0.0
1.3335566578862905
1.334078858581245
0.0
0.0
1.3342216322795417
1.3340494746361595
0.0
1000
1000
0.0
0.0
1.3334405377863805
1000
1.3341940621259845
8.099699084484229
1000
1000
1.3340479928134437
1000
0.0
8.12177738285978
8.098491444068245
0.0
1.3342440615383733
0.0
8.129943819000545
8.12304940286839
0.0
1.3340067041552088
1.3336171039167601
1000
1.3337040783730871
0.0
8.134436977572584
1000
0.0
1.3335315159770271
0.0
8.104557469791505
0.0
1000
0.0
8.126057923151802
1000
1.3337947060889273
1.3334270477080552
1.334189889031507
8.115740271219883
1000
1000
8.131619416903066
0.0
8.128418719073245
1.334313564023139
1000
0.0
1000
0.0
1000
1000
0.0
8.107166729041868
1000
1000
0.0
1000
1000
8.115794964582005
1000
1.3333592675307755
1.3342882023193243
1000
8.113746121681691
8.10761675606787
0.0
1000
0.0
1000
8.126123639794955
1000
1000
1000
1000
1000
1.3340939133506704
1.3336206419080008
1000
1000
0.0
1000
1.3343330071644424
1000
1.333923422433938
1000
1000
1000
1000
1000
8.103535541226695
0.0
8.132777227144276
1.3341655106622579
8.132586373402882
1000
1000
1000
1.3342379997442078
1.3342830221713513
8.10800995272883
8.131508832689239
1000
0.0
8.126276007768258
8.130770102595474
1000
1.3335136794251095
1.3339923758303212
1000
8.125561310656776
1000
1000
1.3337053121051554
1000
1000
8.101804509245687
8.107465365841641
1000
1.3342694118568874
1.3341423750062678
1.3336566167741555
1000
0.0
8.112406056954052
0.0
8.120679137463252
8.122329383093346
0.0
1000
1000
8.110700295025877
1000
8.10628385323939
1000
1000
1000
8.133133339826765
1000
1.3338069849644014
1000
8.113107549511266
1.3334917360693306
1000
1000
1.334078305611469
0.0
1000
1.3335531707080135
0.0
1000
1000
0.0
8.120837154084143
1.333673827299947
1000
1000
1000
1000
1000
1000
8.124211616535277
0.0
1000
8.1198051159671
0.0
1000
1000
1.3335389101995645
1.334033880809771
0.0
8.114056971251513
8.108454789884942
1.334048949198131
1000
8.108681035624604
1.333357266438945
1000
0.0
1000
8.11869807654933
1000
1.3342735062331774
0.0
1.3335706131379477
1.3337125650121018
8.136174353204318
0.0
0.0
1.3341252861026422
0.0
1.3336588199063135
1.3339295309704253
1.334106209074566
1.3334126090617286
8.10113463330635
8.131046727038578
1000
1000
1.3335255399652943
0.0
1000
1000
1.333724779010905
8.136132764683039
1000
1.333363068658031
8.09907200589573
1000
1000
1000
1000
1.333628927725224
1.3342323145426496
1000
1000
8.101138676745295
8.135285649953005
8.129950081438407
1.3338902663987762
0.0
0.0
1000
8.125114385551388
1.3343088548626127
1000
1000
8.12222029372302
1.3340376332202177
0.0
8.133035206896217
8.121962688464821
0.0
1000
1000
1000
1000
0.0
1000
0.0
0.0
1000
0.0
1.3335784935001507
1.3338515421092694
0.0
8.106241836086271
8.107121666472828
1000
0.0
1000
1.333681678070143
0.0
1.333431236378238
1000
1000
1.3342676847803336
8.132727025697372
0.0
1.3339905282236542
8.129222111702436
8.113382409127757
8.10017590481993
1000
1000
1000
1.3338628555733256
0.0
1.3339311052427016
0.0
1000
0.0
1000
1000
1.3338069875025853
0.0
0.0
0.0
1000
0.0
1000
8.101382563726897
1.333471931193946
1.3337861217279687
1000
1000
1.3335708566556128
1000
1.3336735022735204
8.131009897052241
1.333400167725619
1000
1.3334665180811702
0.0
8.132590712328271
8.120704699563019
1.3342336944128195
8.127830314849609
1000
1.3338664515409806
1.334193074785388
1.333728391727401
8.13623024228542
1000
1000
1000
1.334095145480977
0.0
0.0
1.3342667929297463
1000
1000
8.1247058846053
0.0
1.3338040933505881
8.1202433840172
1000
1000
1000
1000
1000
1.333710727873026
0.0
1.3338341570743264
1000
1.333497508211196
1000
0.0
1000
0.0
0.0
1.3340980558820679
1.3341783563783258
1.3336223588492486
8.13779955529333
0.0
0.0
1000
1000
1000
1000
0.0
8.101819492752643
0.0
1000
1000
1.3333621048027575
1000
1000
8.101041139559083
1000
1.3337935923328335
1.3336044457152796
1000
1000
0.0
8.115953620780521
1.33355992629674
1000
1000
0.0
8.101820003798165
8.113851389391652
1.3336139531212239
1000
1000
1.3334183535297484
0.0
1.333635384421308
1.3339792745387034
8.110667110199271
1000
1000
8.129967104886687
1000
1.3342706790349803
0.0
1000
1000
8.124542377762477
1000
1000
1000
0.0
0.0
1.3340292531492812
0.0
1.3335739798614341
8.134090877350818
1000
0.0
0.0
1000
1000
1000
1000
1000
0.0
0.0
1000
0.0
0.0
1.3336213180819763
0.0
0.0
1.3340278948400246
0.0
0.0
1000
1000
0.0
8.10270970705736
1000
0.0
8.132376291432022
0.0
1000
1.3339734036725897
1000
0.0
0.0
1000
0.0
1.3342242647636946
1000
1.333339378039578
0.0
1000
0.0
1000
1000
1000
1.3335085256036248
0.0
1000
8.131130396299845
1000
8.097452401267763
8.13451869632793
1000
1000
1.3343232363506237
1.3337075193338288
1000
0.0
0.0
8.123229255910362
1000
8.110292786258324
1000
1000
1000
1000
0.0
0.0
0.0
1000
8.103318300888702
1000
0.0
1000
8.10110532236525
8.130938248818278
8.10736619045061
8.102513740945687
1000
0.0
8.11741036459693
1.3337419453947021
1.3341388369688993
1000
8.110371991532517
8.114015704997458
1.3340077355969449
1000
8.114207739243598
1000
0.0
0.0
0.0
1.3335303859229033
1.3338529982312148
1.3337510308817793
1.3335412715959931
0.0
1000
1.3334173486681844
1000
0.0
0.0
1000
1000
8.106069949247855
8.130423896183848
1000
1.334270749294862
1000
0.0
0.0
0.0
0.0
1000
0.0
1000
1000
0.0
1000
0.0
1.3333855660176352
8.1088320853313
1000
1.3334353107096022
1.3338426692862098
1.333844169189538
1000
1.3334347294567566
1.3338247006202189
1000
0.0
1000
1000
0.0
1000
1000
0.0
1000
1.3335671293522582
1.3339608886816732
0.0
8.1121043553272
0.0
0.0
1000
0.0
1.3342226451567485
1.333968048985744
0.0
1000
1.3340827263802777
1000
0.0
1000
1000
1000
1000
8.11312386989822
1000
8.11173830683539
0.0
1000
1000
1000
1.3337556683400067
8.13350103445138
8.124197713926815
1000
1.3336591043440176
1000
1000
8.109821868097766
1000
1.333610807344713
0.0
0.0
1.3336988048390588
1000
1000
0.0
1000
1.333551474705375
1000
1.3338764383064905
1.3340912954746629
1.3335562456751833
8.115341648837122
0.0
8.13435129722602
0.0
0.0
1000
1000
1000
8.11802461558352
8.10604095227338
8.126570735409254
1000
0.0
8.106715971932498
0.0
1000
1000
1000
0.0
1.3342987640486854
1000
1000
1.3342161739564706
1.3341376858646463
1000
8.117325454692185
8.112476211270574
1.3336592382600367
0.0
1000
1000
1000
0.0
1000
8.116922456438807
0.0
1000
8.106993869075957
1000
1000
1000
1000
8.135521429146538
1000
8.124001554438843
1000
1.333658075635409
1000
8.107766518298307
8.111344960533312
1.334149072971601
0.0
1000
1.3338568612242625
1000
0.0
0.0
0.0
1000
1000
1000
0.0
8.129219192632283
1000
8.117115710681091
1000
8.124352915309439
1000
12.490741378647066
1000
10.094924589019094
9.426444284903008
10.413924274090117
1000
1000
1000
1000
9.773329009297061
1000
1000
1000
1000
10.042034592737606
1000
1000
11.832227087119213
10.27702791868015
9.817185921015335
1000
1000
1000
11.100809518548617
1000
1000
1000
1000
1000
1000
11.268812533572776
11.265901131819502
12.364741155820397
12.018393310546681
11.683513667818051
12.632145069651173
11.350413767508195
1000
1000
1000
1000
1000
1000
1000
1000
1000
1000
1000
1000
12.092282067791524
11.234832433810906
1000
11.058573288133108
1000
1000
1000
1000
1000
11.082176250146132
1000
1000
1000
10.077593363557623
0.0
1000
9.640260244008061
1000
8.747453117211158
12.494117083114853
10.436481673577058
11.204533421013384
12.535354270414208
1000
1000
10.613614060515118
1000
1000
12.45770131470296
9.247191132223223
11.228197654665903
9.729321736292498
9.11151340070489
10.308597452404104
1000
1000
1000
11.458251353311319
1000
1000
9.405305635668991
1000
10.23531579205698
1000
8.976596694443892
1000
1000
1000
8.754693906002755
12.644840948840253
12.33391169137369
10.626218128973482
9.67249549533763
10.79150225743556
11.733533647389036
10.286691900770112
10.512358474827451
12.445318846024058
8.804285481434748
10.963011727576232
12.493182307311983
1000
1000
1000
11.737213775171814
10.929424254580217
9.968541316369901
1000
10.569525488634095
11.00552991653479
9.726875219418314
11.532309423316413
1000
10.83428652922977
11.093400027307196
1000
1000
9.140618104587288
10.912434175332704
10.465052408202618
11.586793011922637
11.46651298868342
12.285717846931984
1000
10.427680903559434
11.74485899370405
1000
9.022590852976505
11.032015077610337
8.872896523108004
10.768503744478654
12.107530523715864
9.654109467137216
10.07246955832355
10.41528949277372
1000
1000
8.681925944924359
9.055948236135091
1000
9.939711448275608
11.653090711674135
10.32664032911818
10.94772462709419
11.190559359518591
9.266164741800955
10.424717158905557
1000
8.656185059898446
9.717236577769022
9.786698997769783
9.28454074908514
1000
10.2103914812635
1000
1000
1000
11.16125765799029
8.864358487613504
10.490746716965976
9.142390696192768
10.277349787294591
1000
9.087422583960818
9.375581149997753
1000
12.478828472196907
1000
9.121068180286375
9.73773297545038
9.970385151665331
9.050700595697236
8.879737393363085
9.477999443606336
10.71191866214306
1000
1000
11.554583862211055
10.382668010339387
1000
12.405238839057617
10.656087760185615
12.486608702825528
1000
1000
1000
12.04263523432781
9.789087096327991
1000
1000
1000
9.432934725259166
1000
9.858215537304105
1000
1000
1000
1000
1000
9.318314102730204
1000
10.293789584633759
1000
1000
1000
1000
1000
9.60616879917475
1000
1000
11.549086035288536
1000
12.565501247043754
11.02109118431524
1000
12.399886555052156
1000
1000
1000
1000
1000
10.120681652848438
1000
10.164907679905841
11.436170030599268
1000
1000
1000
1000
10.105416400826426
1000
10.279783761872205
1000
1000
1000
10.847670748473513
1000
11.525368855411166
10.262158538574853
1000
1000
10.450854256469501
1000
1000
12.384644644096412
1000
1000
12.154045480734254
1000
11.06879842095136
1000
1000
12.485174404518084
9.436853767140617
1000
10.717090059258956
9.056972397851478
1000
1000
1000
12.628463282447166
1000
1000
1000
10.33805914643732
1000
1000
11.486575368490023
10.738149825812236
1000
8.859193176671615
1000
1000
9.782210208712103
1000
1000
9.687287901161213
9.683502295596655
10.461298502523661
1000
1000
1000
8.795675251831046
1000
1000
11.54673136732283
9.54166095028904
1000
9.578597250804794
1000
1000
1000
9.477897657567375
8.682491079370916
1000
12.321476451378903
1000
1000
1000
10.649366889065874
1000
1000
8.875743511560486
1000
1000
12.023771331707408
1000
1000
1000
9.562555014863571
1000
1000
1000
1000
1000
1000
1000
11.902757040562145
9.447938954631294
1000
9.338549513080771
1000
1000
1000
1000
1000
1000
10.28977665637752
12.624718375434906
11.665181733021626
1000
1000
1000
11.687724169638091
9.789347418468635
11.922877503456816
1000
1000
1000
1000
1000
1000
1000
9.070084563042826
1000
10.493088818627527
1000
12.032654662138995
1000
10.920297233141872
1000
10.811048628725983
1000
1000
12.322262263085818
1000
1000
1000
1000
1000
1000
1000
1000
12.46232659363561
1000
1000
10.55910856354334
9.843020737119353
1000
1000
1000
1000
12.190016412765981
1000
12.077342916665733
1000
1000
1000
1000
1000
1000
1000
1000
1000
9.681846482719752
10.338895480057664
1000
1000
1000
1000
10.933578272256767
1000
12.218605511820098
9.740564824288859
1000
1000
1000
1000
10.855516080207055
9.76371683225294
1000
1000
10.765091068968614
1000
1000
8.7178328687522
1000
1000
12.132489576541937
1000
1000
10.573776887324932
1000
1000
1000
12.364179178942196
1000
10.81738320858796
10.882612714368808
1000
11.234132215450993
1000
1000
8.873743704289513
11.448141757793195
10.715596155457419
1000
1000
1000
1000
1000
1000
1000
1000
1000
1000
1000
1000
1000
10.999831855006605
1000
1000
11.529766214587392
1000
1000
10.035823958926173
1000
1000
1000
1000
1000
10.564738077910242
1000
1000
1000
9.544708993658405
1000
1000
1000
1000
1000
1000
1000
1000
1000
1000
1000
1000
1000
10.897444314274562
1000
9.311606816244964
10.84440800867605
11.856836311530289
10.17380817650184
1000
11.887262247221818
1000
10.159945627142953
1000
12.562580843390018
1000
12.476912332060532
8.817826399482072
1000
1000
1000
1000
1000
1000
9.209723154238397
1000
1000
1000
1000
1000
1000
1000
1000
9.919014175967245
1000
10.991762551382598
1000
1000
1000
11.904230997096292
1000
1000
1000
1000
1000
1000
1000
8.99209568445723
1000
1000
1000
12.032212960544687
11.598114972961012
10.04326203202612
1000
1000
10.28214179234141
1000
1000
9.304551292756173
11.363231513375485
1000
11.178785870127076
1000
1000
9.377988960245135
1000
1000
1000
12.028630916550771
11.88898099229817
1000
8.75801627735317
1000
1000
1000
1000
1000
1000
1000
1000
1000
1000
1000
12.540773220788848
11.16743967141166
1000
11.100570429690563
1000
1000
1000
1000
1000
1000
1000
1000
1000
10.275836473067596
1000
1000
11.309125159332076
1000
1000
1000
1000
1000
1000
1000
1000
1000
1000
11.683665050045837
1000
9.890402618140577
1000
1000
12.615385679472189
9.168578355265536
11.347574315151263
1000
1000
1000
1000
1000
1000
1000
1000
9.166649431136742
1000
1000
1000
1000
1000
1000
1000
9.64894051297122
1000
1000
1000
1000
1000
1000
1000
1000
1000
9.195723664512528
1000
1000
8.801542658231163
1000
1000
1000
12.442267881462842
1000
1000
11.511336623706853
1000
10.929985070714869
11.636046123013895
1000
1000
10.181612500700552
11.7068522947186
1000
9.531909508060505
1000
9.592765317440797
9.540765371306707
1000
10.228833920111445
1000
1000
1000
9.32220614423576
1000
1000
1000
1000
1000
11.475267981750296
1000
11.64567374526122
1000
10.52017251188615
1000
1000
1000
1000
1000
1000
1000
1000
1000
1000
1000
1000
1000
1000
11.88007614097071
1000
1000
1000
1000
1000
1000
1000
1000
1000
1000
1000
1000
1000
1000
1000
1000
1000
1000
12.147234611434124
1000
1000
10.212010434911198
1000
9.901245618179079
1000
1000
1000
1000
1000
11.979300713965944
9.247837750334272
1000
1000
1000
1000
1000
1000
1000
10.856831149630018
12.297832855262289
1000
1000
1000
1000
1000
1000
1000
9.505840441560181
1000
1000
1000
1000
1000
1000
10.636396066806626
9.326055071751423
11.631824455925202
1000
11.825969775690641
1000
1000
11.7622332748053
1000
10.123368205776284
8.672166117452054
1000
1000
1000
1000
1000
1000
1000
8.777945172109748
1000
1000
1000
1000
1000
10.621823463232587
1000
1000
1000
10.760237907315036
1000
1000
9.301266307001908
12.218016920895703
1000
9.289873404666203
12.571355717200463
1000
10.489775310137087
11.50060936536974
1000
1000
1000
9.82333863375268
1000
9.263804490129594
9.836438631784743
11.457070952615739
1000
1000
9.587249833509993
1000
1000
11.158001639589687
1000
1000
1000
9.336502474679518
1000
1000
1000
11.48324521157597
1000
1000
12.268853805110368
10.650981359619797
1000
1000
1000
9.074826871911021
8.828188394710924
1000
1000
1000
1000
1000
10.560560131047284
1000
1000
0.0
1000
1000
1000
1000
0.0
1000
1000
1000
1000
1000
1000
1000
0.0
0.0
1000
1000
1000
1000
1000
0.0
1000
0.0
1000
1000
11.713356930686984
1000
1000
0.0
1000
1000
1000
0.0
0.0
1000
1000
1000
1000
1000
1000
0.0
1000
1000
1000
12.534306350394127
10.797641033681423
1000
1000
1000
0.0
0.0
1000
1000
1000
1.3340100421430252
1000
0.0
1000
1000
1000
0.0
1000
1000
1000
1000
1000
1000
1000
11.01578993710857
1.334110683017808
1000
1000
1000
0.0
1000
1000
1000
1000
1000
1000
0.0
1000
1000
1000
1000
1000
1000
1000
1000
1000
1000
1000
1000
1000
1000
1000
1000
1000
0.0
1000
1000
0.0
1000
1000
1.333587460527138
10.586327578322797
0.0
10.509926979907275
1000
1000
1000
11.023857814523433
1000
1000
1000
1000
1000
1000
1.3338810819129079
0.0
1000
1000
1000
1000
1000
1000
1000
1000
0.0
1000
1.3341416795571055
1000
11.278576705914995
1000
11.15223127317284
10.524610053452124
1000
1000
1000
1000
1000
1000
1.3338480294329174
0.0
0.0
9.981992616772757
1000
1000
1000
0.0
0.0
1000
1000
1000
1000
1000
1000
9.03489303984597
1.3333972012473934
1000
1000
1000
1000
1000
0.0
1000
1000
1000
1000
12.020589326565162
8.88561516915061
1000
1000
1000
1000
1000
1000
1000
11.278142200662156
1000
1000
1000
0.0
9.595107883203946
1000
0.0
1000
1000
1000
1000
1000
1.334162815632612
1000
1000
1000
0.0
0.0
1000
1000
10.567889048242343
1000
1000
1000
1000
1000
1000
1000
12.18774170745591
1000
1000
1000
1000
11.308629529914448
1000
1000
1000
0.0
1000
9.648359600739164
1000
1000
1000
1000
1000
1000
1000
1000
1000
9.385400533253433
1.3340567668821706
9.702550138863664
11.624213980924576
1000
1000
10.585632457039074
1000
11.1868851043992
1000
1000
0.0
1000
1000
1.333352428412808
1000
0.0
11.506616952065873
1000
11.941258444542006
0.0
1000
9.20899533924313
1000
1000
1000
1.3334463345111294
1000
12.195062867635174
1000
1000
1000
1000
1000
11.032658452914628
1000
9.341336313883218
1000
1000
1000
1000
1000
1000
0.0
1000
1000
1000
1000
1000
1000
1000
1000
1000
10.487293118811682
9.488154811638582
1000
11.64620746442442
1000
1000
1000
1000
1000
11.144925789288552
1000
0.0
1000
1000
1000
1000
1000
1000
0.0
0.0
1000
0.0
0.0
1000
0.0
1.3341482134074247
1000
10.72342802047351
0.0
1000
1000
1.3334995347939937
1.3342097423541592
1000
0.0
0.0
1000
0.0
0.0
1000
1000
1000
1000
1000
1000
1000
1000
1000
9.303900531731333
10.899423434971167
1000
1000
1000
0.0
1000
10.874213021893112
9.899442472047562
11.920731777273636
0.0
1000
1000
1000
1000
1000
1000
9.205738492575652
1000
12.551786583451408
11.918658729467108
0.0
1000
12.10905686487763
1000
1000
1000
1000
10.83179769124613
1000
1000
1000
1000
10.297463417487581
1000
10.671141798210872
0.0
1000
1000
1000
9.997620667317419
1000
0.0
0.0
1.3336051205034225
1000
10.357688166705008
10.795682325922598
1000
8.954080055782725
1000
1000
1000
1000
1000
1000
1000
10.446112018807115
11.022595516032691
1000
1000
1000
1000
1.3337374444254384
1000
1000
1000
1000
1000
1000
1000
1000
0.0
1000
0.0
10.7499780477846
0.0
1000
1.3339359915814921
1000
1000
0.0
0.0
1000
0.0
0.0
8.836122346331063
0.0
1000
0.0
11.854231880695622
1.3338417934061217
1000
1000
0.0
9.016415774528028
1000
0.0
1000
1000
1000
1000
1000
1000
1000
1000
1000
1000
1000
1000
1000
1000
1000
11.110916899213095
1000
1000
1000
12.540380292085615
8.693252981922855
1000
1000
1000
1000
11.090486411560757
1000
1000
1000
1000
1000
1000
1000
1000
0.0
0.0
1000
1000
1000
1000
0.0
10.590185588281626
1000
12.268083111414144
1000
0.0
0.0
0.0
1000
12.475147345074289
1000
1000
0.0
1000
1000
1000
11.011357362608635
1000
1000
1000
1000
1000
0.0
0.0
1000
0.0
1000
0.0
10.080901966579502
1000
1000
9.289703191824511
1000
1000
1000
1000
1000
1000
12.300276972024392
1000
1000
1000
0.0
1000
0.0
1000
1000
1000
0.0
9.964397632753062
1000
1.3337549851905337
1000
12.284702492694342
1000
1000
1000
1000
1000
1000
1000
11.557707479264351
0.0
0.0
1000
1000
1000
1000
1000
10.851509837473968
1.333922599141061
0.0
1000
1000
1000
1000
1000
1000
1000
1000
1000
1000
1000
1000
8.797280441661945
1000
1000
1000
1000
1000
1000
1000
1000
12.385271170689022
1000
1000
12.21016284433021
1000
1000
1000
0.0
1000
1000
1000
1000
1000
1000
10.2145363947042
0.0
8.965300563895775
11.472748925445824
0.0
10.562267609625248
1.3337587149112897
0.0
9.020845691222945
9.361963458737181
10.710289123472716
1000
1000
0.0
9.450080905704889
0.0
0.0
12.11994079850045
1000
10.664729612430293
10.481511996713921
9.029017406872963
11.511604145954385
8.833453641276929
0.0
11.135168434676315
0.0
9.067496496752861
10.58794116603575
1000
9.269695140579714
1.3336132710808852
11.456968675042136
11.779551129422469
10.169241569171122
1.3334808406490515
10.380837828018922
9.420773089393714
12.45858118465599
11.650402264124612
10.487750222302102
12.202561471807845
11.020890214556495
1000
10.120994119912122
11.25381498783849
10.667952435045887
0.0
1000
11.102489911352373
11.642181470555713
9.087282767154244
12.507360064150783
1000
9.139065600440361
11.112094156256548
9.822002451046849
10.435660879807235
8.661059515647745
0.0
9.763589509461719
1.3335034866005997
9.690352932647285
0.0
9.024364446908033
12.533928782141084
8.834480399147834
0.0
11.291686598342041
9.094440379033667
0.0
0.0
12.265835952410656
11.223536289781224
11.18548932699366
10.461286931423416
9.309077145928462
12.49663399840312
11.895364817419276
0.0
0.0
8.914079094262453
10.018772910669341
0.0
11.775663659121825
11.37116765579937
11.680248759842108
9.393546306696098
1000
1000
1.3339479581250746
11.410465406666166
0.0
12.098185633294488
9.96074472666531
11.110319767400334
0.0
10.385093911201164
8.830026435241342
12.64289332927583
0.0
9.729237038973068
9.147042530256622
9.755741597867058
12.639073791352635
10.319981403961597
11.41866109798835
11.62077116324011
11.937853739425517
1000
11.528024913626188
10.064618583827944
11.943246590739177
11.25986249423428
0.0
9.238116984607787
10.067979678775655
12.32792546233702
9.337195815770741
11.502777826320385
0.0
12.653329624629038
8.956675315244869
10.054904866797557
10.275880830789227
1000
12.58755471241881
10.898979604466641
9.513783852022556
1.3335525063167375
0.0
12.524248394122974
1000
11.186612713848964
8.812294380105866
10.86535444866987
1000
0.0
9.920909035057544
1000
0.0
11.159339357317766
10.269709939559961
12.575411980582372
0.0
1000
0.0
0.0
10.509079090525777
8.716978363859862
10.890667466446686
8.753745966882745
10.851507015890192
1.3334353504031549
1000
8.804136227095526
12.419785372681483
8.827369244409443
1000
11.963047852222529
1000
11.33509155124115
0.0
1000
1.3340166855863407
10.798968556382297
0.0
11.18338772948141
1000
1000
0.0
10.131632513800747
12.47235560936877
1000
11.880040696333282
11.254576840489774
1.3339598204911973
10.100671424092337
11.502122423411505
1000
1000
10.918392149677274
12.348777729405352
11.304523358846463
11.280566891967922
12.235866787180415
11.991166657329291
11.977080784664032
1000
8.746593765821506
10.921866946549775
1000
1000
11.596546596407672
11.77124734731771
9.866499238131528
1000
11.589309316441888
1000
0.0
9.001009329332469
12.128207087160344
10.819483102865753
1.3339848524232263
1.334041186647175
8.857683055586794
12.223922699867792
11.6028135597951
12.625301981799314
8.884377200621605
9.105936972132918
