0.6674255516582697
1000
1000
1000
1000
1000
1000
1000
1000
1000
1000
0.666834299881386
1000
1000
1000
1000
1000
1000
0.6677905621759674
1000
1000
1000
1000
1000
1000
1000
1000
0.6651598061087274
1000
1000
1000
1000
1000
1000
1000
0.6666098661768574
0.6667597808789913
1000
1000
1000
1000
1000
0.6630267045194239
1000
0.6697727757455095
1000
1000
0.6628085923118125
1000
1000
1000
1000
1000
0.33790285695255773
1000
1000
1000
1000
1000
1000
1000
1000
1000
1000
1000
1000
0.6656597251844288
1000
0.665247932551045
1000
1000
1000
1000
1000
1000
1000
1000
1000
1000
1000
0.33739162223008007
1000
1000
1000
0.6670825023284838
1000
1000
1000
1000
1000
1000
1000
1000
1000
1000
1000
1000
1000
1000
1000
1000
1000
1000
1000
1000
1000
1000
1000
0.663747109724585
1000
1000
0.6666956484497613
1000
1000
1000
1000
1000
1000
0.6645371586500259
1000
1000
1000
1000
1000
1000
1000
1000
1000
1000
0.6658562382628064
1000
0.6643385935637868
1000
1000
1000
1000
1000
0.6648380783752812
0.6642515040445358
0.666733347929719
1000
1000
0.6632528153144166
1000
1000
1000
1000
1000
1000
1000
1000
1000
0.6644272478732296
1000
0.33943714702950595
1000
1000
1000
1000
1000
1000
1000
1000
1000
1000
0.6671398992719598
1000
1000
1000
1000
0.6625682551350105
1000
1000
1000
1000
1000
1000
1000
1000
1000
1000
1000
1000
0.6631087321916297
1000
1000
1000
1000
1000
1000
1000
1000
1000
1000
1000
1000
1000
1000
1000
1000
0.6687723792090611
1000
1000
1000
1000
1000
1000
1000
1000
0.6662836510512787
0.6655772134574703
0.6670614410436568
1000
1000
1000
0.6675090295201642
1000
1000
1000
1000
0.33462012088803134
0.6623016524565261
1000
1000
1000
1000
1000
1000
1000
1000
1000
1000
0.6653248875897093
1000
1000
0.6676024447448494
1000
1000
1000
1000
1000
1000
1000
1000
1000
1000
1000
1000
0.336775078669678
1000
1000
0.6649409903395199
1000
1000
1000
1000
1000
1000
0.33699944342041316
0.664233454651839
1000
1000
1000
1000
1000
1000
1000
1000
1000
1000
1000
1000
1000
1000
1000
1000
1000
1000
1000
1000
1000
0.6629493610342144
0.6674703625350469
1000
1000
1000
1000
0.6656683187812312
1000
1000
1000
1000
1000
1000
1000
1000
0.33707735460243116
1000
1000
1000
1000
1000
1000
1000
1000
1000
1000
1000
1000
1000
1000
1000
1000
1000
1000
1000
0.6669196257460003
1000
1000
0.6658633267788135
0.6643978323368788
1000
1000
1000
1000
1000
0.6672949463033117
1000
0.666065979510265
1000
1000
1000
1000
1000
1000
1000
1000
1000
1000
1000
1000
1000
1000
1000
1000
1000
1000
1000
1000
1000
0.6662330088448505
1000
1000
1000
1000
0.6640017389172334
1000
0.6661750036086378
1000
1000
1000
1000
1000
1000
1000
1000
1000
1000
1000
1000
1000
1000
1000
0.6650759168829249
0.6680232745609338
1000
1000
1000
1000
0.6661389379475163
1000
0.6628250386816614
1000
1000
0.3376935833089816
1000
1000
0.6644168339619017
1000
1000
1000
0.6629836686028099
1000
1000
1000
1000
1000
0.6642378429096276
1000
1000
1000
1000
1000
1000
1000
1000
0.6668892375407554
0.6676280218712812
1000
1000
1000
1000
1000
1000
1000
1000
1000
1000
1000
1000
1000
1000
1000
1000
1000
1000
1000
1000
1000
1000
1000
1000
1000
1000
0.6670704626168904
1000
1000
1000
0.6645394061135742
1000
0.6647193525899144
1000
1000
1000
1000
0.6679680826556121
1000
1000
1000
1000
1000
0.6639510643485147
0.6668959147340657
1000
1000
1000
1000
1000
1000
1000
1000
1000
1000
1000
1000
1000
1000
1000
1000
1000
1000
1000
0.6651546919525813
1000
1000
1000
1000
0.6678494935886006
1000
1000
1000
1000
1000
1000
0.6652148205188211
1000
0.6662988261078105
0.6678017258025216
1000
1000
1000
1000
0.6664866006176867
1000
1000
1000
1000
1000
1000
1000
1000
1000
1000
1000
0.665246980857635
1000
1000
0.6632309201312961
0.6664911170348433
1000
1000
0.33962055000411523
1000
1000
1000
1000
1000
1000
1000
0.6650235154889812
0.6682543778276895
1000
1000
1000
1000
1000
1000
1000
1000
1000
1000
1000
1000
1000
0.3355682118407769
1000
1000
1000
1000
1000
1000
1000
1000
0.6651697075131155
0.6665942177203437
0.6641450300944866
1000
1000
1000
1000
1000
1000
1000
1000
1000
0.6682845590869004
1000
1000
1000
1000
1000
1000
1000
1000
1000
1000
1000
1000
1000
1000
1000
1000
1000
1000
0.6646008491920673
0.6663248347239468
1000
0.6670085083605161
1000
0.6669310403802916
0.6650608153286947
1000
1000
1000
1000
1000
1000
1000
0.6670320292183504
1000
1000
1000
1000
1000
1000
1000
1000
1000
1000
1000
1000
1000
1000
1000
1000
0.6640186193356133
1000
1000
1000
1000
1000
1000
1000
1000
1000
0.668168419339432
1000
0.666202999758996
1000
1000
1000
1000
1000
1000
1000
1000
1000
1000
1000
0.3361745965303362
0.6675793514713299
1000
1000
1000
1000
1000
0.6678668780406274
1000
1000
0.6652278887069238
1000
1000
1000
1000
1000
0.33773824973274247
1000
0.6680717530957736
0.6659372982757262
1000
1000
1000
1000
1000
1000
