1000
1000
1000
1000
1000
1000
1000
1000
1000
12.565064617334603
1000
1000
1000
11.309597956399742
1000
1000
1000
10.531120565776256
1000
1000
1000
9.361491509342555
1000
1000
1000
1000
9.769608079650613
12.162911573927015
1000
1000
11.99527991363902
1000
1000
1000
1000
11.144728184758447
1000
1000
1000
12.321769646883554
1000
12.23041986864229
9.89051386758332
1000
1000
1000
1000
10.514708092940625
1000
1000
1000
12.312881341236949
1000
1000
1000
9.136920306871605
10.912711640640891
1000
8.913301845283623
1000
11.439960190401235
1000
1000
9.543937653782733
1000
1000
1000
11.357776096716455
1000
1000
11.773283916096956
9.44525985849459
1000
1000
1000
9.664884295817739
1000
12.083788721433141
1000
1000
1000
1000
1000
1000
1000
1000
1000
1000
1000
1000
1000
1000
1000
1000
10.01575683779251
1000
11.114404266442214
1000
1000
10.541382497649082
1000
10.447689024095753
12.63188394550987
1000
1000
11.574202707475584
1000
10.24707751103605
11.59314830705526
9.265379508532419
1000
1000
9.158020564039683
1000
1000
1000
1000
1000
1000
11.932334722526045
10.99672367472541
1000
1000
1000
9.013905193169203
12.162197090897118
1000
1000
9.089976469003702
1000
1000
1000
1000
1000
1000
1000
1000
11.109169406442787
11.79703537865794
1000
11.972976790085507
12.490974561779641
1000
1000
1000
1000
1000
10.95080970039913
1000
1000
1000
1000
1000
1000
11.41439005727296
1000
1000
1000
10.698872971017643
1000
11.801603983731509
1000
1000
1000
1000
1000
1000
1000
1000
1000
1000
12.327829444424028
9.427102933989104
1000
1000
12.175535256855428
11.121221069718871
9.176297908926863
1000
1000
1000
9.927856976082706
9.81119684051841
1000
1000
9.38491198941645
9.774649676503131
1000
1000
9.20571480026216
1000
1000
1000
1000
1000
1000
1000
10.591919132759463
1000
8.927495690515011
1000
1000
1000
1000
12.509750747028502
1000
1000
8.754969411892278
9.964503459830711
11.240158672873804
1000
1000
8.976765609879815
1000
1000
1000
1000
1000
1000
1000
12.355411690289012
1000
1000
1000
1000
11.399554589415732
1000
11.671939817518966
9.224169305329267
1000
12.4427531541833
1000
9.898899697829611
10.194831120648674
9.855287169103715
1000
1000
1000
9.136071847464779
1000
1000
8.935010822843834
1000
1000
1000
9.92963981100547
10.92507373877046
1000
1000
1000
10.237783591179198
1000
9.91105584344736
1000
1000
1000
1000
1000
1000
1000
1000
11.678590141442582
10.375750374393254
1000
1000
1000
1000
1000
1000
12.322518080439439
1000
10.43087629610136
11.540237349724142
1000
11.176257395383175
1000
1000
1000
1000
9.50227531947357
1000
1000
9.08556131303717
1000
11.719853680291996
12.358473931031748
1000
1000
11.638655487850901
1000
11.991630853162095
1000
11.246997474531344
1000
1000
9.599093462914226
1000
1000
1000
1000
1000
1000
1000
10.42728185400764
10.851885584016214
1000
1000
1000
8.822887282521863
1000
1000
1000
10.968239785575822
11.08250545470909
11.324050441925264
1000
1000
11.93611326389496
1000
11.350014718322736
1000
12.436530145328819
1000
10.345020588001843
10.152633323522636
1000
1000
9.067041651371655
1000
12.353469588981893
11.455062612150169
9.533980540152696
8.770363725516951
1000
10.411661817049815
12.013252191533892
1000
1000
1000
1000
1000
1000
1000
9.29891894896228
11.963601120078895
1000
1000
9.089870396624171
1000
1000
1000
1000
11.380859125105312
9.199838994792698
1000
10.912620107278785
1000
11.91631301405577
1000
1000
1000
8.897922927528729
1000
1000
9.402672051119968
1000
1000
1000
1000
1000
10.263854775013323
1000
1000
11.121456847224119
1000
8.889196053693022
11.665094275479213
1000
1000
1000
1000
8.681980550076304
1000
1000
10.11748775136203
1000
9.049339752859623
1000
1000
1000
11.59433829422151
1000
1000
1000
1000
11.67836526000411
11.011793780542606
11.64439739763369
1000
1000
9.43960690801143
1000
1000
1000
1000
1000
1000
12.165067352426913
10.945791514890349
1000
11.381235130713387
1000
1000
1000
1000
1000
1000
9.126498309057542
12.587285304494097
1000
1000
11.40521810004771
10.365402910517451
12.302048756764568
8.955783639260845
1000
1000
10.69989702801204
1000
11.277544892983462
1000
1000
1000
1000
1000
1000
10.523680603709186
9.092365196116166
1000
1000
1000
1000
11.384605459768311
1000
1000
8.974468766462614
1000
12.440362965478636
1000
12.372696564048148
11.121548295321642
1000
1000
1000
10.506787972150155
11.813862945471765
11.581987823196762
1000
1000
1000
1000
10.2968970829527
1000
9.960323976086325
1000
10.128893798064398
10.489753151250422
8.825662556490364
1000
10.549707048856218
1000
12.627764607135335
9.07765372179695
1000
10.172268455967773
1000
11.771872029684395
12.059839275510772
11.429688386542898
1000
12.11968550647356
1000
11.219362751169765
11.709446366403922
1000
9.815082237789182
10.530509368447653
1000
9.824192421956159
1000
1000
11.66491690537389
1000
1000
9.429531480440705
1000
10.103575508116192
9.94708019862413
11.440688374396258
9.987723199399372
9.191934009469392
1000
1000
1000
11.518327639999677
10.470082064448002
1000
1000
10.805887151310106
1000
1000
1000
9.20414601849447
1000
1000
12.366086045611066
1000
10.700129988623456
1000
1000
10.052536829947062
1000
9.495870189368025
11.234138143665135
10.10501091761062
1000
11.390380246915464
9.865499263401444
12.132682715772688
10.759407978205507
1000
10.234619699823822
1000
1000
1000
8.70535031660453
1000
8.867885025245748
1000
11.698959372761243
11.068081832634096
11.457578280329919
1000
1000
11.746539754215704
11.009719684117716
12.483001064846574
1000
1000
1000
11.089454524928481
9.540568992378345
11.16977088824956
1000
11.834152443684728
10.318301716087998
10.65718576971936
1000
10.830175804798778
1000
1000
1000
9.5701555164702
1000
1000
9.278031499505149
1000
1000
1000
12.332403688520765
1000
11.950257416369453
1000
1000
1000
1000
9.596826973872744
1000
9.745930016981896
11.406131928823381
1000
10.083778901575132
1000
8.788570666187628
1000
1000
1000
1000
1000
9.616552462167894
1000
10.77681719487164
1000
1000
1000
11.967742209534363
10.704831555028939
10.651846781524975
1000
1000
11.536086668339637
1000
1000
11.424656104912945
1000
1000
11.428662140000844
1000
1000
1000
9.037624669717536
8.882117372388642
11.49254067877068
10.081113938723645
1000
1000
1000
9.072396611002764
9.371242035753724
1000
1000
1000
11.21291540674429
1000
1000
9.060858403464797
12.367502016539424
12.175194480001664
8.660214282298664
12.16123321134194
1000
1000
11.526765345379468
1000
1000
11.52964228681528
11.495741126350747
1000
1000
11.676758290677187
12.616299854052292
12.29208288283691
9.02209807062311
8.730209111487074
11.359763808170282
1000
11.230808245409687
9.42239762500818
1000
1000
9.860214373235031
1000
8.99831080912959
1000
1000
10.893495008693776
11.388515663146839
12.001436043414733
8.704235096554475
1000
9.028537632364715
1000
1000
12.26424305529225
1000
1000
1000
11.069501709206552
1000
8.984242156270506
1000
8.863186502330185
1000
1000
1000
11.187079128601042
1000
12.229989817195516
1000
10.90459649424773
8.8260206661068
1000
10.421110932049853
9.219972174836654
10.481217403670787
1000
1000
11.079194951370171
1000
1000
1000
11.928481922663382
1000
10.124584245199602
1000
11.471239025259583
10.671779736180083
12.19080121526976
1000
10.571743673924736
10.607418777719797
10.47434484379515
1000
1000
1000
1000
1000
11.611167195012278
1000
9.88658487457352
1000
1000
10.700661664670525
10.692699279018798
9.85044223109519
11.799356663342634
11.00743186850163
1000
11.856565735444546
10.453360896116818
1000
1000
