15.994656290818714
1000
1.6185576391496888
1.6169614075061953
1000
1000
1000
1000
14.989198409687969
1000
1000
1000
1000
1000
1000
1000
1000
1000
1000
1000
14.974698098272139
1000
1000
1000
1000
1000
1000
1.6147295149276766
17.316006354720265
1000
1.6183544495375046
1000
1000
1000
1000
1000
1000
1000
15.424406540952958
13.661516845596012
15.073407853048751
1000
1000
1000
1000
1000
1000
1000
1000
15.903005618213143
1000
1000
1000
1000
16.676991041280772
1000
1000
17.212925443391413
1000
1000
1000
1000
1000
1000
1000
1000
1.6167442025442047
1000
1000
1000
15.118899396798897
15.069073671298217
1000
1000
14.62571833714405
1000
1000
16.886732099384336
15.428048781244197
1000
1000
1000
1000
1000
1000
1000
1000
16.720559397122646
16.45056250320274
1000
1000
14.192107573366538
1000
1000
1000
1000
1000
1000
1000
1000
1000
1000
1.6179036512935092
1000
15.993515627361468
1000
14.809846488470058
1000
16.02497864032579
1000
1000
1.6168042490689059
1000
15.19380613100334
1000
16.10085477601128
1000
1000
1.6167801830073656
1000
1.6171172591954135
1000
1000
1000
1000
1000
1000
14.556556475305204
1000
1000
16.95879738512328
1000
1000
1000
15.457616051161196
1000
1000
1000
1000
13.564246758593034
1000
1000
1000
17.441899264343995
1000
1000
1000
13.51723225446153
1000
1000
1000
1000
1000
1000
1000
1000
1000
1000
1000
1.6169732895015168
14.505092330013095
1000
1000
14.145246136014833
1000
1000
1000
1000
1000
1000
15.949928250347224
1000
1.616030791276432
14.27029707745892
1000
1000
1000
1000
1.6164757732131823
1000
1000
1000
1000
16.970259758157248
1000
1000
15.4752380793357
1000
1000
1000
16.58329882677006
1000
1000
1.6166858510992361
1000
16.047318968834137
1000
17.077279996939744
14.257649667894473
1000
1.6169374328089745
14.56653692180746
1000
1000
1000
1000
1000
15.399334382755093
1000
1.6167313389783615
1000
15.649995074408352
1000
16.698519609125835
1000
1000
1000
15.993926133706825
1.6160561567618408
15.128070920397256
1000
1000
1000
1000
1000
1.6174656612750653
1000
1000
16.082030117308896
1000
1000
1000
13.816680038116191
1.6161530567633433
1000
1000
16.653031459396168
1000
1000
1000
1000
1000
1000
1000
1000
1000
1000
1000
1.618821328554334
1000
1000
1.6161573606797888
1000
1000
1000
1000
1000
1000
1000
1000
1000
1000
1.6167611578950951
1000
15.125151513849692
1000
1000
1000
1000
1000
1000
16.569199942584905
1000
1000
1000
1000
1000
1000
15.129098373625634
1000
1000
1.6176776312392163
1000
14.486880055315616
1000
1000
1000
1000
1000
1000
16.635446820377
1000
1000
1000
15.998507763331203
15.232929579577018
1000
1000
14.508084590559742
14.739160396443175
1000
1000
16.48457554464649
1000
13.734658477299485
1000
1000
1000
1000
1000
1000
14.430991519851208
1.6170115495244428
1000
1000
1000
1000
13.840896520052514
1000
15.44041848982382
16.84409065152204
1000
15.802244386687818
1000
1000
1000
14.53456155290818
1000
1000
1000
14.58648401165342
1000
1000
13.587668329952361
1.6179581791332298
1000
1000
1000
1.616576900236989
1000
15.602236173802314
1000
1000
1000
15.056849003244354
1000
1000
16.416208826573058
1000
16.48839032114541
13.592963673856449
1000
1000
1000
1000
1.6153733749748487
1000
1000
1000
1000
1000
14.933261905081405
1000
1000
1000
13.52858794872177
13.480276506080816
1000
1000
1000
1.6180118570147763
16.779587039515782
1000
1000
1000
1000
14.112308634351756
1000
1000
14.890189417972223
16.617750450021184
14.999525136257084
1.6177819766901802
1.6146412569158715
14.822169125004983
16.210518411486916
1000
1000
1000
1000
1000
15.827132407755126
1000
15.980669033544213
1000
1000
1000
15.102825732028029
1000
1000
1.616568088014189
1000
1000
1000
1000
1.6193450825978593
1000
1000
1000
1000
1000
16.23965170688606
1000
1000
1000
1000
15.26554412890971
15.18578794663308
1000
1000
1.6179384537410402
1000
1000
1.6175337876560982
15.392543254797776
1000
1000
1000
1000
1000
1.6154174998628852
1000
15.229648886670828
1000
1000
1000
1000
1000
1000
1000
1000
1000
15.334286083708806
1000
1000
1000
1000
1000
1.6179538283867703
1000
1000
1000
1000
1000
1.6175530081048275
1000
1000
1000
1000
14.090103470555851
16.07642960592994
1000
1000
14.87698238399681
1000
1000
1000
1000
14.381251954943192
1000
14.074537718778052
1000
15.85741584820216
1000
1000
1000
1000
13.757567908099839
1000
1000
1000
1000
1000
16.061616997545162
1000
15.317618553469583
16.559234424570555
1000
1000
1000
1000
1.6190094437537008
17.146864727891128
1000
1000
15.688775787113208
15.153065252324838
1000
15.981862491756697
1000
1000
1000
1.6194042014047318
13.920106480694834
13.771116642765865
13.883788477667277
1000
14.133829109418627
1000
1000
1000
16.788693045604628
1000
1000
14.234051288138144
15.206038774647967
16.687407016230182
1000
15.43031181969811
1000
1000
1000
1000
1000
14.120209154414269
1000
15.565991493020892
1000
1000
1000
15.903428099872297
15.087291077230415
1000
1000
15.94509227155249
1000
1000
1000
1000
15.536484866127305
1000
16.367404800448487
16.73563681341153
16.510216683550535
17.312440573755154
1000
14.547297666381908
16.827132109495075
17.258325262763282
1000
1.6176964010668646
1000
1000
1000
1000
1000
16.524539779006947
1.617053791461983
1000
1000
1.618723508003108
14.512778514359141
14.532340152378367
14.843282047534775
16.23357641293496
1000
1000
16.905154044789644
1000
1.617367603546814
1000
16.91920378680662
16.2598014018089
1.6152956732011525
16.65127013040562
16.01838542641604
14.617134880222759
16.790445936284428
1000
1000
1000
1000
1.6192706508218042
1000
1.6181413039322508
15.850423839915718
16.030967200203815
1000
16.545309222443652
1000
16.380793229582537
1000
1000
1000
1000
15.943249431975218
14.07942960169251
15.706073549427037
1000
1000
1000
14.43298617975545
1000
1000
1000
1.616486646389028
1000
1000
1000
1.6168324658516653
15.761953288244497
1000
13.758888952466995
1000
1.6163997269071584
16.6100906277587
15.54898519612297
15.741115429755856
1000
1000
1000
13.972581979331917
14.912440854643517
1000
1000
1000
1.6173500067333033
1.614545078841411
13.80483496771081
1.6155330728152444
1000
1000
1000
1000
1000
1000
16.44177741887512
1000
1000
1000
1000
1.6177265081587393
1000
1.616362645993921
1000
1000
1000
16.279716856078323
1000
1000
14.734106475792867
16.758043924298846
1000
14.597720959577849
1.617454714652492
14.034011390450754
17.369668418307402
1000
1000
1000
1000
1000
1000
1000
1000
1000
1000
1.6162116453169397
14.279699553231566
15.645249880035369
15.445232106544166
13.588892856603323
1000
1000
1000
1000
1000
14.786522978398203
1000
1.6168180588521734
14.282384054820241
1000
1000
1.618093686674828
1000
15.758867306216946
1.6163442384474427
1000
14.198463660742139
15.315144858031534
1000
14.37509408487707
1000
1.6154738832400368
16.01085923451097
1000
14.791512254798038
1000
1000
17.082699159170513
1000
1000
1000
14.441274816914675
1000
1000
1000
14.445210091687715
1000
1000
1000
16.221948176604492
1000
1000
1000
1000
1000
1000
15.252159081621839
1.6167210926875528
16.089171675067902
1000
1000
15.852886809649206
1000
17.184245589713218
1000
1.6159096987355654
15.463941766271763
1000
1.6166839017881884
1000
1.616925099140052
1.6179433025055057
1000
1000
1000
14.438573687703421
1.6189127873655738
1000
13.573338621978188
15.950903354932468
1000
16.88745498296064
1000
1.6169854001160233
1000
1000
1000
16.425089635710332
16.31231197299235
1000
1000
1000
1.6164867577158706
16.656087220392404
1000
1000
1000
1000
1000
16.71912181400372
13.517576637262541
15.777651486976701
1.6152823119418935
15.021658851938476
15.073349941122586
1000
1000
1000
1.6154891092264698
1000
1000
1.6160140438568815
15.647585605904922
1000
1000
1000
13.49604078196278
1000
1000
16.17593472628605
1000
1000
1000
1000
1000
1000
1000
1000
1.6173199760745405
1000
1000
17.262528321279444
1000
16.713974712263546
1000
13.610825299712673
1000
1000
1000
1000
1000
1000
1000
1000
14.318283381413227
1000
1000
1000
1000
1000
15.44805282727883
14.886782449052731
1000
15.829900102877799
15.600296693385769
1.61732350459821
15.583753773166453
1000
14.65811930174383
1000
14.055471985555856
15.374875925738408
1000
15.242392157979847
1000
15.77733148093628
13.897423922136849
1000
1000
16.152678509891828
1000
1000
1000
1000
1000
1000
13.948881852121772
1000
1000
1000
1000
1000
1000
1000
14.107759070651664
15.425946473606222
13.79187372726922
1000
1000
1000
1000
1.6182818101749905
17.23466391796451
1000
1000
14.806221613798048
1000
14.9095440127841
14.521498529173687
1000
1.6148599507417907
16.47902918333137
1.617547414318723
1000
1000
1000
1000
17.078213512330713
17.20821802517673
17.078158471597565
1000
14.546859924517044
16.860093574460272
1000
1000
1000
1000
14.401404151888691
1000
1000
1000
1000
1000
1000
14.646482985274144
14.676656915651343
14.210947710724533
1000
1000
17.035627908687026
15.750321389814115
1000
1000
1000
1000
1000
1000
1000
1.6150481213399366
1000
1.6183177600164056
1000
14.881328694668397
1000
13.925232171402644
1000
1000
1000
17.053918492261097
1000
1000
1000
1000
1000
15.726991933316764
1000
16.442032653992186
1000
1000
14.867600155579039
13.756696200049566
1000
1000
14.721730668272926
14.08656880841428
1.6156250699192631
15.418186240381019
1000
1000
1.6177367907386433
1000
1000
1000
13.928087993791461
17.212098074912674
1000
17.01493141362256
1000
17.11211250626686
1000
15.043989087818115
15.62310946514621
1000
1.6160477459715936
1000
16.777424618723035
1000
1000
1000
1000
1000
16.510430322995923
17.00544946602096
1000
1.616155811283165
1000
1000
1000
15.49711896727114
1000
1.6167533683652766
1000
1000
13.817964066227841
13.682252373505477
1000
1000
1000
1.6143204043719317
