1000
11.059635759522335
1000
10.653057981965146
8.810212032980886
1000
1000
9.229436608053039
9.396876688144287
11.097567099619079
1000
1000
1000
1000
11.949249837817735
1000
9.87598721825285
1000
1000
9.840310270188144
1000
1000
1000
11.26787422363121
1000
1000
1000
9.2783485739186
1000
11.214433155160556
1000
1000
10.44042145551915
1000
1000
10.001526604897968
8.575340282733547
1000
1000
1000
1000
1000
8.690230826668664
10.093418960095752
1000
1000
1000
1000
10.688561579057934
9.500976261159746
1000
8.925060139870304
1000
1000
1000
1000
8.87151391823538
1000
1000
1000
8.957190804972575
1000
1000
1000
1000
1000
1000
1000
1000
12.110311256679667
9.060855626154105
10.70037703250282
1000
1000
1000
1000
1000
1000
1000
1000
1000
9.745157427188758
1000
1000
1000
1000
10.148844259254558
1000
1000
9.483627479284952
1000
1000
11.305437195372575
1000
1000
10.233011829642628
1000
1000
1000
1000
1000
10.998590992009218
1000
1000
10.189344763912223
11.67363246857566
1000
1000
9.051526583347858
1000
8.145995183261862
11.205530555070773
11.172407882753745
10.409330304358848
1000
1000
9.156903378244168
1000
1000
9.868808074528937
1000
1000
9.035056896288387
1000
1000
1000
1000
1000
1000
1000
1000
9.100986146980002
1000
9.763063269445658
11.784644469774241
1000
10.97832924508701
1000
9.672536644031759
1000
11.059690232900804
1000
11.868065341364442
1000
1000
1000
1000
1000
1000
1000
1000
1000
10.000477603192792
1000
1000
9.722099175553424
1000
11.15662121322156
11.857081418409248
9.014065032547121
1000
1000
1000
1000
1000
9.951677737662123
1000
1000
1000
1000
1000
1000
11.332062990965534
9.147275461933754
1000
1000
12.046105524258802
1000
1000
1000
1000
8.548347876070538
11.873915137911922
1000
1000
1000
1000
1000
1000
1000
1000
1000
9.648616635695257
1000
1000
1000
8.267098424249454
1000
9.605477523860067
1000
1000
1000
12.09396969393368
1000
1000
1000
1000
1000
1000
9.160266731694263
1000
1000
9.203468797967265
10.782740844416256
8.744221271598393
11.957867351564692
1000
1000
1000
1000
1000
9.871668253712311
1000
1000
1000
11.787157265997308
11.184545248180774
10.307459576148817
1000
10.341812956873126
1000
1000
11.118144904062323
1000
10.381768459952397
12.006684827325216
11.620568791003038
1000
1000
1000
1000
1000
1000
1000
8.235853016375513
1000
1000
1000
1000
1000
1000
1000
1000
1000
1000
10.703494862343877
1000
11.529782914439071
8.192286562581192
8.750923404662084
1000
11.947570132595892
8.56516885419402
9.87279437888713
1000
11.859219918407524
1000
1000
1000
1000
1000
1000
11.259523178116034
1000
1000
1000
1000
1000
1000
1000
1000
8.624903355483585
0.0
9.00504217852861
1000
1000
10.998665338241883
8.841025086099103
1000
1000
9.309161932126205
0.013661069588823288
9.48615225452478
10.305111047832321
11.274853720111729
1000
0.01378481521462243
9.944540409784013
1000
1000
10.298473052012781
1000
1000
1000
1000
10.14247994033258
8.605490672041057
1000
12.105962694353307
9.196025304630354
1000
8.826421038228316
1000
10.513899351106861
9.841119252451398
1000
1000
0.013980808787657352
1000
11.506837259269327
1000
1000
1000
10.374720567792037
1000
9.642567380019738
11.352365131570622
1000
0.014223915316619791
1000
1000
12.085792781959103
1000
9.112186830805777
9.62942234519194
11.831383957591013
0.0
8.744977813448928
11.65389749261265
1000
1000
1000
9.354526396545555
1000
1000
1000
1000
11.224840167819428
10.686066959252534
9.79561879904201
1000
1000
10.202587993952971
1000
1000
0.014292841817818697
1000
1000
1000
1000
1000
8.955666338835615
8.547258086606181
11.675311520190014
1000
8.984885781090862
1000
1000
12.038118720826265
8.142070996252906
8.749210944317506
1000
11.621668861508624
1000
1000
1000
1000
9.616534037007025
0.0
1000
8.57048396964158
1000
11.191265859320657
1000
1000
8.628007603705802
8.751957138051464
9.664177119204899
1000
1000
1000
10.087599508570111
9.877676095664642
8.982312079184712
12.00723973752901
9.543020071621106
8.18114777920716
8.81191095415582
1000
11.413138301988424
1000
9.691205289327694
8.192043484417338
0.014102712217356282
11.318173266023152
1000
10.70586033193532
0.0
1000
1000
0.014250947524745549
1000
0.014021731890482576
11.902387342050664
1000
1000
0.0
1000
1000
8.287649900076707
1000
11.721675912296158
1000
1000
1000
1000
1000
1000
8.72485959389697
1000
11.661362062446791
9.857695442520063
1000
1000
8.163333390731385
0.013463270911625698
1000
1000
11.576650996557358
1000
9.676602660285367
1000
11.388266275224206
0.014210967916970142
9.806108351102548
0.0
1000
1000
1000
11.321869970161607
9.669827328286916
0.0
1000
10.575204873689565
1000
1000
8.620536049070378
9.804659485452298
9.097240664847762
1000
11.876385850788253
1000
9.790351910302789
9.745857405243889
1000
9.633543607613865
9.634002682121835
11.787712495508355
8.41490831398897
1000
11.784056237762943
9.89261309412142
1000
1000
0.0
10.271066886318103
9.64128529576766
8.263842600456561
8.83551374842863
1000
1000
10.264742693806264
1000
11.542524689479226
0.013512980362662361
1000
9.977748680633464
8.795078098635397
9.986370761948493
1000
1000
1000
1000
1000
1000
1000
10.793478585404237
1000
1000
9.136567055008323
1000
9.362295837962519
11.877319768848144
8.36070518292895
10.919021944865491
1000
1000
11.686354885036524
11.62910940198736
1000
11.261178561008421
1000
1000
10.32765997064268
9.970539520042378
10.667531739850245
1000
9.870779453900134
9.853346379055646
1000
10.946414798574883
1000
11.921427649417899
11.065915560373158
0.0
1000
0.0
1000
9.893987642120411
8.776999064378012
10.132731339017171
1000
1000
8.399146238659156
10.468510238791731
10.65566377188337
1000
1000
9.310305067274223
11.237766550817181
1000
1000
1000
9.769345181134781
8.687396539913774
1000
0.0
10.295685155344588
9.270956010393792
9.312574874103877
10.029844857087111
10.800473582458597
0.0
8.903956483786066
1000
8.235745859163858
1000
1000
1000
1000
10.379145293035315
8.833694317515903
0.0
1000
1000
1000
11.308111044947845
1000
8.354179339446203
8.893418149520034
1000
1000
0.01392973318653432
1000
9.89093481177181
11.365504085614521
1000
1000
11.436209758489499
1000
1000
0.013922697566180019
0.0
1000
1000
9.102700227551765
1000
0.013667466358368822
1000
9.400852036775335
9.536552576218842
1000
1000
1000
1000
10.09170968065184
0.013981720988117917
1000
9.084035228709118
1000
10.2569106068183
1000
1000
1000
0.013618277522193958
1000
0.0
8.329092326849453
8.998150276008365
1000
1000
11.046058906491037
0.0
10.528501952415173
0.0
11.416055852997973
1000
1000
1000
1000
11.206455070303095
9.055116821299238
9.304050476044608
9.227973874033154
0.01396526471398786
1000
11.896429862680112
9.398544228866953
1000
1000
1000
1000
1000
8.464907954210275
1000
0.0
0.013988513193553997
8.417925887607968
8.57509663338621
10.989990786741334
11.775977564736925
11.156682738556626
1000
9.373564942174784
10.912895609258143
9.59793431294025
1000
1000
9.118575249607114
1000
11.636673110555922
9.727325207778764
9.009944007092628
8.937596878692833
0.013849205854523691
10.737270185550575
1000
1000
0.0
1000
8.630530608893366
8.183626738486476
9.083799026872876
9.573157374758527
1000
8.527976857351689
10.875675056322988
0.0
9.974789065534697
1000
1000
1000
9.002815485517528
1000
1000
1000
1000
1000
10.220324588402276
11.93664420876704
9.171890507517286
1000
10.488689367320713
0.013665015887279345
1000
1000
9.850422876891107
1000
1000
10.49930957016328
1000
9.586647676851541
9.179963148229136
8.843133785610014
10.582856112413584
9.780720376853102
1000
1000
10.869386343264338
0.013568757847400395
0.014321493953099677
1000
1000
0.013789415312988345
9.127616978944484
1000
9.985253228693622
1000
9.151497952842709
11.388146012538325
1000
1000
1000
11.715722444949511
0.013460503601429285
1000
1000
10.68938619085798
1000
1000
10.014433605742552
1000
11.080827631706956
10.22773909372823
1000
11.59738206147263
1000
1000
1000
1000
1000
1000
1000
1000
1000
9.492590349625852
1000
10.026471062736688
0.0
8.577063264679015
1000
8.437245617158023
9.635918402739076
9.586579839999725
1000
11.528004402421066
10.723872922273442
12.108163718015257
8.629487794239457
1000
9.160833608061248
1000
0.013884047468135466
1000
9.09253272621209
1000
1000
10.04224237198546
9.222589661973933
10.004398496450484
10.022716729823488
1000
1000
12.039666911087812
1000
1000
11.391305076469338
9.626041880435844
1000
1000
0.0
11.122781713481444
8.173119899475708
11.16877931618389
11.09044004418629
1000
1000
1000
11.603503287720278
1000
10.306694580563782
9.595091932855407
1000
9.882540888275823
1000
1000
0.014112180763784338
9.55953906266527
9.771090537787767
12.101895729550753
1000
10.172533269241853
1000
1000
8.513271361646147
1000
11.443641910340757
11.008504790058641
8.202507458177086
11.017847280770042
10.953351212319534
1000
1000
10.29351043566219
1000
1000
1000
0.0
0.0
9.629529464450316
9.643882763565175
8.54543927380659
11.205278149113695
9.16886020047957
0.013993498294135247
11.391037016534066
9.803870737028692
1000
1000
1000
1000
8.987357702312416
10.376015527747054
10.318535953784583
11.531123006824322
1000
9.367984100206725
1000
0.0
1000
1000
0.013868967510971893
1000
9.336782416204157
0.0
0.19025920579788005
9.721374586871528
0.2019910374280481
8.539398082454104
0.1969730459853905
1000
1000
1000
8.584057402971876
1000
9.73237140043829
1000
0.0
0.0
0.1814838591657102
1000
11.443249851826309
9.768066300784907
1000
0.18441892497311554
0.013767498780901543
9.62046516606897
1000
0.21249284323845846
1000
0.0
10.856926040878447
0.0
0.17957184950943017
0.21337650303477634
0.0
0.18393187219596413
1000
10.45578315738938
0.19599958895133135
1000
1000
1000
1000
1000
1000
0.20448577994752404
0.18033874203474382
11.316388327516643
0.1912881212425546
9.552938878666023
9.997532631603788
1000
0.19615929095444468
1000
10.918716003360032
11.750701341009805
11.689179880961733
0.17653532114801201
0.013367656885190447
1000
1000
11.97206046232693
0.18889748668782463
0.013344839569215042
1000
11.443553903378666
1000
8.765129584885228
0.21038230665160412
1000
1000
8.430918449327953
0.20651093551693284
1000
9.084562103385942
1000
11.69872156759097
1000
8.69404585597158
1000
0.1898934476096883
1000
0.014048654488698414
8.309984602950976
0.19028644786107426
0.21614954125836472
1000
1000
1000
0.2095871789705836
1000
0.2102897249660769
0.1923535354907615
11.566064273650388
0.0
1000
9.56146701428947
9.769110744449236
1000
1000
1000
1000
1000
1000
0.013894013957500938
0.014299620618746635
9.832712695840874
0.0
0.182535671214562
10.88342336649188
1000
11.87896631323023
1000
0.1989942395939367
1000
10.69486053494035
0.17749161987370377
0.17805226993795636
1000
0.2143059532361525
12.119982838612467
9.619371063363882
0.0
1000
1000
1000
10.871145173716029
0.0
1000
1000
1000
1000
1000
0.014191424627707453
0.21231338848407774
0.013695237732457722
11.56200503957379
1000
1000
11.644563483189144
11.316595751890656
0.18980494265818937
0.19920565369054333
0.17867104606317008
1000
1000
1000
1000
0.014166471382819816
10.327775776867611
10.483806102181335
0.1957493882259071
8.250683867161618
1000
1000
0.19477778206432728
0.1994230797601184
11.843569400318266
8.834637278239532
10.944823091673616
0.1945101152375378
0.0
0.20657522248526447
1000
0.21063510124368134
11.268608948334057
0.014225875983568895
0.014147638731150373
1000
0.20722194546792744
1000
0.0
0.014100471668520995
10.538978130289237
10.355850757983774
0.21043929316062876
11.452530790320925
11.976310648912243
0.0
0.21301751004500705
0.18648965840747353
0.20391732771599091
0.013843319974333499
0.0
10.302976118596726
1000
1000
0.014204332584781758
0.18993973933724495
1000
10.994803102565747
0.0
0.20959309541178778
11.882276964109533
1000
0.20219287200154024
1000
0.18494032633638763
0.014102155175655409
10.384539833320584
1000
1000
9.815062271548497
0.0
1000
0.1997947290449765
1000
1000
1000
1000
1000
0.013991362622647678
1000
1000
0.1929616671707674
0.0
1000
0.20822319750871937
1000
0.0
0.014309979481030348
1000
10.46433366301331
0.20743001804734795
0.0
1000
1000
0.21483063247702835
0.20702416199301144
1000
1000
8.243373807826096
1000
1000
0.18533436379107987
0.2088195986150834
0.013877203982984762
0.014316766931116876
1000
0.013832173788949348
0.18054858167646393
1000
1000
0.0
0.20311820574289524
1000
1000
1000
1000
0.21093117394006033
0.1915046684013737
1000
1000
11.363034019007973
0.0
10.426352889752165
11.403166249296806
1000
0.18988271371242937
1000
1000
0.0
1000
0.20989193302424883
0.01369033252633809
0.2064887379590668
0.18147860334275706
1000
0.0
9.875751034952112
0.014048282634136936
0.2162787896216636
1000
0.18885621998199095
0.21511038216972836
0.20986714518443148
1000
1000
1000
0.17906173057684868
1000
1000
0.20563320992429213
0.1885007847066311
0.0
1000
1000
0.17975711570407288
1000
0.18508739946794173
1000
0.013350117492025618
0.0
0.21071874472230204
1000
1000
1000
0.1985408835618285
1000
0.20858067361686
11.43428811899282
1000
0.20228898527583683
1000
0.0
0.0
0.21320963789559572
1000
1000
1000
0.01358903900874994
0.18240737019348552
1000
1000
1000
0.01403488135153799
1000
1000
1000
0.2009901412080931
9.391257022074411
0.0
0.19377241911400947
1000
0.01349189734361859
1000
1000
0.2146115127351949
1000
1000
1000
0.2084377563660263
0.2124927022054065
1000
0.0
1000
0.20808234168446002
1000
1000
0.0
0.19392439036210407
1000
1000
1000
0.19069629273740887
1000
1000
1000
10.167740705390758
1000
0.0
1000
0.20669953455079876
1000
1000
1000
1000
1000
1000
0.013424737286127884
1000
0.0
1000
0.0
0.1882576129345021
1000
0.0
0.20635141188074435
0.013464102445759296
0.1828271098917948
1000
10.488486529204332
1000
1000
1000
0.014241596128097595
0.21623257640149557
1000
0.1928169893472625
1000
1000
1000
0.20595182434245407
0.18812055478255454
1000
1000
0.1773066729707563
0.01428465927897227
0.013909611053922829
0.212616872394517
0.20646815489017667
0.0
0.013830354776606072
0.18595546830199086
1000
0.1990603096019435
0.19764547497101426
0.18686188770750506
1000
1000
0.18302830941482567
0.013391883739694473
0.1883518739096961
0.0
1000
0.013575297239908198
0.2013635100114825
0.0
0.18788038176340904
0.21231244524093457
0.17972344654108086
0.014072879347167196
1000
1000
1000
0.013642404547673041
0.2155110081782755
1000
1000
0.01394341376687185
0.0
0.0
1000
0.0
1000
0.19786240512619913
0.1950951401932492
0.21142264824591805
0.1901153416856517
1000
1000
0.19861555353996888
0.0
1000
1000
1000
1000
0.19686855095021344
1000
1000
0.18038921360157448
0.0
0.18454246151082188
0.17754905956885592
0.013700760576788413
1000
1000
0.0
0.0
0.01422814319215544
1000
0.20973050502678298
0.20042304084163737
0.21156658865895783
1000
1000
0.21259593711920294
0.19666471198848728
0.013336576061127318
0.013717029898487198
0.013572001886304171
0.01369015664657474
0.19009016392025652
0.19796800568774695
1000
1000
0.20087915728889658
0.20050622393523082
1000
0.19415116410885308
0.0
1000
1000
0.20142611404703697
1000
1000
1000
1000
1000
0.0
0.19536427328533446
1000
1000
0.014295633509706425
0.0
1000
0.19872724572609238
0.19126815475683762
1000
0.20039721202119504
0.0142575671307541
0.21582764651070668
0.0
1000
1000
1000
0.013545689580519426
0.0
0.19854124499773745
1000
0.19459710231648464
0.20584519677950486
1000
1000
0.1759014411403899
1000
1000
1000
0.0
0.18127684716906062
1000
0.18058103971935835
1000
0.18703203756779782
0.0
0.208000082325385
0.013789333442996238
0.19918959419264504
0.013471554702913417
1000
0.19654938265422456
1000
0.0
0.013839363738988735
0.014151071767065768
0.0
0.19454462348989554
0.013350484308756074
0.18858288868066392
1000
1000
1000
0.2018398263326464
1000
1000
0.19232862284278046
11.265964561542113
0.19105101538929153
0.21034442977605716
1000
0.0
0.0
0.18320972134385122
1000
0.20572144202383819
0.014168111766434982
0.0
1000
1000
0.1813536973753881
1000
1000
1000
0.17871361108944764
1000
1000
0.17882743266484125
1000
1000
10.038986674334064
1000
1000
0.0
1000
0.01342130200626968
0.18837843003062898
0.013524804979833032
1000
0.19658119097449195
0.0
0.0
0.0
1000
1000
0.2115376474481618
0.2015778464339974
1000
1000
1000
1000
1000
1000
1000
0.013526225355260471
1000
1000
1000
0.0
1000
1000
0.0
0.013418578553753344
0.19984070530983297
0.18213136304726896
1000
1000
1000
1000
1000
0.014072918273384995
0.013843248980188216
1000
0.20646996255432704
1000
0.013389329473307064
1000
1000
1000
1000
1000
0.0
1000
1000
0.0
0.01409712837823177
0.1964915251593245
0.19146206550366873
0.0
0.20145642208235004
1000
1000
0.1851812995007994
1000
1000
1000
0.20293547017399616
0.0
1000
0.014170232602389879
0.17743129475926578
1000
1000
1000
1000
0.20219784754425713
1000
0.19424652855990868
1000
0.013455788419480162
1000
1000
0.0
0.0
0.0
1000
1000
0.2172375095657082
0.20521436875447924
1000
0.20298692615571298
0.013570605399749072
1000
1000
1000
0.0
0.21843305786847406
1000
1000
1000
1000
1000
0.20750418469136034
1000
1000
1000
1000
1000
0.0
0.013876497032835467
0.01425509488567608
1000
1000
0.20688185305142257
1000
1000
1000
1000
1000
1000
1000
0.2091705081402923
1000
0.2122525141158585
1000
0.2050990999054355
1000
1000
0.18700120722349836
0.21031905579170862
1000
1000
1000
1000
0.0
0.20772525991573684
1000
1000
0.21361560165375038
0.19887446428740055
0.19632879030200412
1000
0.0
1000
0.18675946715241878
1000
1000
0.0
1000
0.0
0.17878926260282896
0.0
1000
0.0
0.013464088432739975
1000
1000
1000
1000
0.19252498333838663
0.013392834814588533
1000
0.18690530140886624
1000
0.0
0.0
0.17763398473655168
1000
1000
1000
1000
0.013845322168207391
1000
0.0
0.19913057223153258
1000
1000
1000
0.19846326319681196
0.21181269935036848
1000
1000
1000
0.21133034907948595
0.18771667509969314
1000
1000
1000
1000
0.19892259905366805
0.205237064618373
0.19218216922664616
0.013995391155587447
1000
1000
1000
0.21447195036479655
0.01342334203748241
0.0
0.0
1000
1000
0.014143813544342512
1000
1000
0.0
0.0
0.0
0.1821010261629727
0.0
1000
0.013776191108214673
1000
1000
1000
0.19421050818993374
0.0
1000
1000
1000
1000
0.013404051269981836
1000
1000
1000
0.1977030384219958
1000
1000
0.014324065633565763
0.21782182523187155
0.1786139080576143
1000
1000
0.1906765839262401
1000
0.2005114607876686
1000
0.18346381046114063
0.21345088464399037
0.0
1000
0.0
0.0
1000
1000
1000
1000
1000
0.013735098566272388
1000
1000
0.014046708181623293
1000
1000
1000
0.17856274456963525
0.1982825680501594
1000
0.0
1000
1000
0.20817232891923554
0.014135042553706371
1000
0.19291553631650063
0.013651472951335201
1000
0.0
1000
0.013423684290433321
0.20508122978610233
1000
0.18583910865265607
1000
0.014281848186548238
1000
0.18681704398333984
1000
0.20834692181368708
0.0
0.19647081638749053
1000
1000
0.20580720077170342
1000
0.014005238308886808
1000
0.1797363325024739
1000
1000
0.2169816202598043
0.19785782084432763
0.18703310530324194
0.21328610908985363
1000
1000
1000
1000
1000
1000
1000
1000
0.013440971324729054
1000
1000
0.2136650593920935
0.0
1000
0.0
1000
1000
1000
1000
1000
1000
0.0
0.1883103481869028
1000
1000
1000
0.0
0.0
1000
1000
1000
0.0
1000
1000
0.0
1000
0.1939870227391748
1000
0.014154943184662707
0.013436672377002473
1000
1000
0.0
0.2049398734174699
0.0
0.0
1000
0.014249402931101158
1000
0.0
1000
0.21159672430776155
1000
0.20654668944321486
0.19162625775016334
1000
0.0
1000
0.013996213745893837
0.1878921935827027
1000
1000
1000
0.01353515400799979
1000
0.0
0.0
1000
0.0
1000
1000
0.21572658139167
1000
0.0
0.0
1000
0.014216448458459409
0.013448085724730458
1000
1000
1000
1000
1000
0.0
1000
1000
1000
1000
1000
1000
1000
0.0
0.013917993642958669
1000
1000
1000
1000
0.20379248028097968
1000
0.0
1000
1000
0.0
1000
0.014198410609688218
0.18057575750603783
1000
0.013605665673112787
1000
0.19087264764221581
0.1858583637824347
0.0
1000
1000
0.014075762677659174
0.0
1000
1000
1000
0.013360211793296746
1000
1000
1000
0.0
1000
0.19653011753611677
1000
1000
0.0
0.013668409579942994
1000
0.014026961527703672
1000
0.194643686165239
0.014153318390410025
1000
0.0
0.20508871755089672
1000
0.18896025044790127
1000
1000
0.0
1000
0.0
0.18403527059217367
1000
0.0
1000
1000
1000
1000
0.21160950148910376
0.0
0.0
1000
0.0
1000
1000
1000
1000
0.1907659628965857
1000
1000
0.0
0.19440570142195773
1000
1000
0.013732770318271107
1000
0.19528013653800838
0.0
1000
1000
1000
0.19114293122730386
1000
0.014079378376421446
1000
1000
1000
0.0
0.20661429420490074
1000
0.013468909759098485
1000
0.0
1000
1000
1000
0.17888438755786668
0.013779745052527959
0.2002569986431641
0.2051979948339616
1000
0.013611600817587121
0.18065254849407514
1000
1000
0.18404455224127156
0.18963169698872653
1000
1000
0.0
0.0
0.013964934688619878
0.0
1000
0.013757202482097435
1000
0.0
1000
0.0
0.18852552032663925
1000
0.1805519927350923
1000
1000
1000
1000
1000
1000
1000
0.2135637645428833
1000
0.20364174504166419
1000
0.1835482656492728
1000
1000
1000
0.014315831268347009
0.0
1000
0.013606777158763362
0.18691063006474382
0.0
1000
0.21319824898015144
1000
1000
0.0
0.20456769536054714
0.0
0.2071321014052868
1000
1000
1000
1000
0.20814868088778726
0.20552773825462953
1000
1000
1000
1000
1000
1000
1000
1000
1000
1000
0.18062476626471435
0.0
1000
0.18228263041413478
0.19255380270311773
1000
0.1985329211597911
1000
1000
1000
1000
1000
0.0
0.014163813572753406
0.013689226638203902
0.20010657770826823
0.1993517736457051
0.013363453635756231
0.0
1000
0.013718747014852152
0.19410782229905302
1000
0.013792867292224618
0.20173268163744454
0.0
0.17964916748552423
0.2033056785909613
1000
0.013552698500296018
1000
1000
0.19647425973628513
1000
0.19665894479758256
0.20358567746113954
1000
1000
0.210677910509207
1000
0.2024913581467468
1000
1000
1000
0.0
1000
0.013423297528019507
0.013906092565163331
0.0
1000
1000
0.014021512895484716
1000
1000
1000
1000
0.0
1000
0.18915934232201978
0.20910179200485995
0.0
1000
1000
1000
0.21005512382106134
1000
1000
1000
0.1973156679980268
1000
0.17784194772896766
1000
0.0
0.0
0.21173452891897496
0.013708561362625866
1000
1000
1000
0.1892690410298472
0.20526587757096065
0.21334750140149833
1000
0.0
0.0
0.013731490207587762
1000
1000
0.18582678571438832
0.1996560880322883
1000
1000
1000
0.2128958018433382
0.014111512329765869
0.014244855886227021
1000
1000
1000
0.0
0.014255701233849408
1000
0.1960682982534357
1000
0.18584167598197449
1000
1000
0.21073898930516347
0.1793789398612326
1000
0.0
0.2112665688367616
0.21674238679005126
1000
0.20292515929055416
0.014123147112906435
0.0
1000
0.18684762009196437
1000
0.014247962113377127
0.1977934694676613
0.013769503900150087
0.1805049550030725
0.013915286715554292
0.014228552797996164
0.0
1000
0.013747387229611817
0.0
1000
0.21262365402364286
1000
1000
1000
1000
0.19766629348282674
0.0
0.21240443252579982
1000
1000
1000
1000
0.19393417450346934
0.013458169888016876
0.013529009980812265
0.0
1000
1000
1000
0.20010289040179224
1000
1000
0.0
0.013685692869196289
0.19985573493430075
0.0
1000
0.2043218692504214
1000
0.0
1000
1000
0.014249787884682626
0.1846310255214068
0.1781963007099615
0.20054692032777535
1000
1000
0.014189443825583303
0.0
1000
1000
0.21055316760744067
0.1977876884200677
1000
0.0
1000
0.0
1000
0.0
1000
0.0
0.0
0.20193021004011097
0.0
0.21404620036218183
0.1797837232536641
0.0
0.0
0.1770407683176198
1000
1000
0.0
1000
0.19474458382157972
0.0
0.0
0.2030276415614135
1000
1000
1000
0.01425248336539621
1000
0.013766009102852587
0.0
0.2103215583637903
1000
0.20916351331284583
0.0
1000
0.014312553901960482
0.18409516429437978
0.2139853397311263
0.0
0.0
0.0
0.19669485708603593
0.0
0.18290442039635973
0.18041429946426274
1000
1000
1000
1000
1000
0.014086456940229319
1000
0.014285678179876606
0.21157438862958783
0.013426261585044686
0.013532419962316014
1000
0.013575175381464959
0.013494605725488718
1000
0.0
0.20384825887103797
1000
1000
0.19250002520758225
0.0
1000
0.014111719740498692
0.20146134809944022
1000
1000
0.21788855057348777
0.014103323005364383
0.013948702559626703
0.014229483626746512
0.19396175697195767
0.01397895315929501
0.1859177525030998
1000
0.0
0.19589831887154777
0.19871602985928566
1000
0.013406790250602164
0.01338327489552596
1000
0.013463229885852197
1000
0.0
1000
0.0
0.18179138792439964
1000
0.18531621264197
0.18847945452795767
0.1782510263171294
1000
0.0
1000
0.0
0.1889627513514978
1000
1000
0.19381742176571143
1000
0.014196000228585668
0.0
0.014179032899191413
1000
0.013933893332230295
0.19331247392704148
0.21232694195265744
0.17640807793113905
1000
0.0
0.014312701043653902
1000
1000
1000
0.0
1000
0.21403707959246604
1000
1000
0.19797547180242955
1000
0.1943131229523105
0.0
1000
0.21384990981308472
1000
0.0
1000
0.013835540746803921
0.013711794563829661
0.19629820422711847
0.0
1000
1000
0.014028326539831406
1000
0.1778525518911359
0.19713528954170578
0.18109028735591565
0.20301391784793588
1000
0.01379909188569623
0.013823466545662397
0.014187991461916898
1000
1000
1000
1000
1000
0.20641934436405462
1000
0.19985411030569558
1000
1000
1000
0.0
1000
1000
1000
0.0
1000
0.1978370118282902
1000
1000
1000
1000
0.0
1000
1000
0.013809576936702546
1000
0.0
1000
0.18680509662891098
1000
1000
1000
1000
1000
0.0
1000
0.013460583867326417
0.20232687750726086
0.0
0.2036984110673457
0.0
1000
1000
1000
1000
1000
0.21755520726161343
0.20829508627795001
1000
0.013579084143670261
0.0
1000
0.0
1000
1000
0.014241088638494388
0.01334651975981962
0.0
1000
0.1752672441144918
1000
1000
0.013469258607731323
0.01388714132810224
0.0
1000
1000
0.013785674882937688
0.013973301415754478
1000
0.01396087090027039
0.0
1000
0.014323792193429313
1000
0.18120741076111688
0.013568927358862084
1000
0.013822747858259309
1000
0.20903573032083173
1000
0.0
0.21162188401594323
0.18239953778540435
0.0
0.0
0.0
0.0
0.20094729878442075
0.0
0.013472262228085749
1000
1000
0.1859911113405873
1000
0.1985465625681117
0.0138325995958199
0.1841899371234959
1000
0.014207951625197389
0.0
1000
0.014082954302769046
1000
0.01432179112234068
0.21846873847430187
1000
0.013931305180786774
1000
1000
0.19819171046708922
0.19769251554214712
0.013958540842224072
1000
1000
1000
1000
1000
0.20631919136342158
0.01355043991431003
1000
1000
0.013907484611070813
1000
1000
0.01402203817779555
0.1998367293134241
0.013916274570263669
0.0
0.01335668242176447
0.014237540035146396
0.013740628287026643
1000
1000
0.013524213862629642
0.0
0.013876011250106172
1000
1000
0.0
0.0
0.0
1000
0.0
1000
0.0
1000
0.19880614663185686
0.19693717521989454
0.17802151178856668
0.013749797801632312
0.20685795235905152
0.013470596823772645
0.18071466698170124
0.013585970062446783
0.0
0.013531418921912704
1000
0.0
1000
1000
1000
0.013917652353358042
1000
0.014065763240099081
0.20695292554657496
0.0
1000
0.0
1000
0.1970487498779308
0.0
0.014327573819346334
1000
0.0
0.013750287785541139
1000
0.1777849480215301
1000
0.20925357815440737
1000
1000
1000
0.19821952828429112
0.18731389208449484
1000
0.2056109738976175
1000
1000
0.01359895195063143
0.17888766765461586
0.0
0.0
0.20199080207591696
0.18595553780086646
0.0
0.0
1000
0.0
1000
1000
1000
0.013958553517415831
1000
1000
0.1836112914898192
1000
1000
1000
1000
0.0
0.013644300691897853
0.19186379767507578
1000
0.014057580621714546
1000
1000
0.1852915692115732
1000
0.20870318231891588
0.0
1000
0.17983041231032898
1000
1000
0.0
1000
0.0
1000
0.013579748306091037
1000
1000
0.0
0.01349580953621177
0.0
0.18716520755443297
1000
0.20753527307857444
0.013637410549597669
1000
0.013571747291370898
1000
1000
0.21112938509147278
1000
1000
0.2012208219906393
1000
0.013501026695474962
0.01429220526434499
0.1952620605010183
0.014008970501265662
1000
0.0
1000
1000
0.1783071957023194
1000
0.013891176705677364
0.0
0.19495216523181247
1000
1000
0.01345986274460334
1000
0.013819632571854843
1000
1000
1000
1000
1000
1000
0.01371537690270441
1000
1000
0.18391906490292292
0.0
0.0
0.0
0.0
0.013823717056752647
1000
0.0
0.013383497290756906
1000
0.1779905882420012
1000
0.0
0.0
1000
0.18715126480094962
1000
1000
1000
1000
1000
1000
0.0
1000
0.0
1000
1000
0.0
0.0
1000
0.0
0.014294815314194211
1000
1000
1000
1000
0.014212775115337717
0.20705818734866763
0.013844671285876338
0.19293236928208207
1000
1000
0.0
1000
0.014108540213966894
0.0
1000
0.1804415518630673
0.1836820569103131
1000
1000
1000
1000
1000
1000
1000
1000
0.2130472125400185
0.013350322465287591
0.0
0.18644403474842158
1000
1000
1000
0.013414244419414651
0.0
1000
1000
1000
1000
1000
1000
1000
0.2077057194308299
0.0
1000
0.20481492817668648
0.0
1000
0.20456628933882423
1000
0.0
1000
1000
1000
0.013351832506205839
1000
0.20680404881816294
0.0
0.0
1000
1000
1000
1000
0.20600297521380218
1000
0.0
1000
1000
0.014055616877054016
0.0
0.0
1000
1000
1000
1000
0.0
1000
1000
0.013655650190553705
1000
0.0
1000
1000
0.20681942888612226
1000
1000
1000
1000
1000
0.0
1000
0.0
1000
0.0
0.014252854676097373
0.18563225494460756
0.20481939398119653
0.0
0.014135544566379422
1000
1000
0.014244202219611113
0.0
1000
0.01348919388961702
0.19329010024909896
1000
1000
0.0
0.013693624073007052
1000
1000
0.013542870598949985
0.21013963579960146
1000
0.0
1000
0.0
1000
0.0
0.013951388277370696
0.014081724011906036
1000
0.0
1000
0.1953460256880844
1000
1000
0.013859040859053201
0.0
1000
0.0
1000
0.19616517731559513
1000
1000
0.0
0.014220594971524822
0.19329925921069846
1000
1000
0.013455248899647883
1000
0.0
0.0
1000
0.013347133245733825
0.21152400224249757
1000
0.0
1000
0.0
0.0
0.18103937304876866
0.014080356851959581
1000
0.013596964957410796
0.013756950216851827
1000
0.013604324460946447
0.013947057186998041
1000
1000
1000
1000
1000
0.19572674327884265
1000
0.0
1000
1000
0.013478165631942655
0.0
0.0
1000
1000
1000
0.013831147480233607
0.0
0.0
0.014212702677289036
0.0
1000
1000
1000
1000
0.014312583699757176
0.014063800149493837
0.013483884963908618
0.01404086810959577
0.20292649998038076
1000
1000
0.0
0.013630273519249706
0.01359764795467545
1000
0.19683017218771903
1000
1000
0.013609251639552391
0.01353583772382557
1000
1000
0.014017277718144849
0.0
1000
0.18111743203680147
0.013450268165041072
1000
1000
1000
1000
0.013549908203027533
0.1789213232865658
0.0
1000
0.0
0.014141345443495991
1000
1000
0.213257130165684
0.21365658434865958
0.0
1000
0.0
1000
0.0142926078702059
1000
0.19436504262170065
0.0
0.013470893295659182
1000
1000
0.0
0.0
1000
1000
0.0
1000
1000
0.0
0.2141291306204283
0.0
1000
0.18070792640337324
0.21413762778854295
0.013436621753822516
0.013418988227568807
0.01381454050532538
0.0
1000
1000
0.21413256908290296
1000
0.014247426490547454
0.2084977534329303
1000
1000
0.0
0.21637086749887185
1000
0.0
1000
1000
0.01368375982313553
0.013551223612109956
0.19226650206232293
0.0
1000
8.95154343071105
11.33872905651056
8.73442184577929
10.813619235812261
1000
1000
1000
1000
10.974490456887342
9.553365639965573
9.212600198366738
1000
1000
8.535391921095938
1000
1000
1000
8.189260003460893
1000
9.454329605286908
1000
1000
1000
1000
1000
9.625121431883136
8.617351209141397
1000
11.309329549366968
1000
1000
10.53878394605599
11.567182751615544
1000
1000
1000
1000
1000
1000
10.433495198143357
1000
1000
10.33661333885594
10.18429649894927
1000
1000
12.096616875797029
11.64845003885836
1000
10.854037824530218
1000
1000
1000
1000
11.482018202103632
1000
1000
8.538805485985565
1000
1000
1000
1000
8.811560896816696
8.34658689395604
1000
1000
10.30238352019038
1000
1000
1000
8.98433728057311
1000
1000
1000
1000
11.496016917170742
1000
11.183983070128477
1000
1000
1000
1000
1000
1000
1000
1000
1000
1000
1000
1000
1000
1000
1000
8.638110203216408
1000
1000
10.625149528621947
10.90210582064337
10.200316086543904
1000
1000
1000
1000
1000
8.813839111978668
1000
1000
11.828233052365427
1000
1000
1000
10.622472539403637
1000
1000
1000
10.605151125388595
1000
1000
1000
1000
1000
1000
9.586405106168616
10.32424870647873
9.104809433135845
1000
1000
1000
11.344765954635804
1000
1000
1000
10.489426781057615
1000
10.023011952414631
9.322863153329083
1000
11.154483047291611
1000
10.470450123610027
1000
10.237392304773739
10.611236474930182
1000
1000
8.738304881053558
1000
8.414419582710266
9.322682289418541
1000
11.919033879208675
9.000402026471868
8.605613382262424
8.31391873111255
1000
11.90900446729708
1000
1000
9.227603421786577
1000
1000
1000
1000
1000
10.10977496192548
1000
1000
11.244592824120984
8.79809575136603
1000
9.673642100509344
1000
1000
8.733338372021057
1000
10.201985420151235
10.270512629982514
10.009417701869719
9.797883988911257
11.143232366725414
1000
8.985855686710044
1000
1000
10.70361829467349
1000
1000
1000
1000
1000
10.153635452254429
1000
1000
12.066572231252065
1000
11.75568688081889
1000
9.035554623614557
1000
1000
1000
1000
1000
1000
1000
1000
1000
8.142206998011101
1000
10.365853851571488
1000
10.57133701070482
1000
1000
9.869319142110008
1000
1000
1000
1000
1000
1000
1000
1000
1000
11.842173775576686
8.804304138885533
1000
1000
1000
1000
1000
1000
1000
1000
8.783812005399595
9.778596686729195
11.098488297615727
10.327525378852863
1000
1000
1000
1000
1000
11.130033856065598
10.461065947155689
1000
1000
1000
1000
1000
1000
1000
11.18933758284043
1000
1000
1000
11.296403735901585
1000
1000
1000
1000
9.70282752534205
1000
1000
1000
1000
10.24010183277666
1000
8.9076451320104
1000
1000
10.112151767983368
10.920872832283685
8.367016682215526
9.45285946208185
10.16179216079243
8.496562207780908
1000
0.0
1000
9.316670659823517
1000
1000
1000
1000
1000
9.664741402587802
1000
1000
1000
0.013693523234297263
11.334634172303883
1000
1000
1000
1000
10.971141458654776
8.536016360029503
1000
1000
1000
10.9272439490452
1000
1000
11.244410608304237
1000
1000
1000
1000
1000
10.49580688754389
1000
1000
1000
10.197959511334375
1000
1000
8.263124845806898
8.7453454314086
1000
8.761514608321793
1000
1000
1000
9.694874242737301
1000
11.69010928037269
1000
9.995532309185066
11.546424407017385
9.301906728604958
1000
0.0
8.717035154788409
1000
8.158569094600947
1000
11.020469467934856
11.605990921249528
1000
1000
9.002435066067461
8.962191511361809
1000
8.147498054418891
1000
1000
1000
0.0
8.320532009678782
1000
8.552948182902096
1000
1000
1000
1000
1000
1000
11.423544141805623
1000
1000
1000
1000
9.263780586628348
1000
1000
1000
11.707246193865553
0.013438644989988265
12.132381227716783
1000
1000
1000
1000
1000
1000
9.851692313701244
1000
1000
1000
1000
0.014314429369583522
0.0
1000
10.628522385994398
0.0
9.929485541204027
1000
1000
1000
1000
10.59510845165917
9.22771874485906
1000
11.29205784502587
9.292130368507143
1000
1000
1000
9.765364493160916
1000
10.688505198932955
8.403569206959643
1000
1000
11.197182659197535
8.837243551983564
9.866010404178406
1000
8.753724026982395
1000
1000
1000
1000
11.141015219100165
10.153635152839188
1000
1000
1000
11.396088857074947
1000
9.48692654742033
8.628183817217339
10.079011085610372
9.191047103960786
11.238363455310035
1000
0.0
1000
10.428188736022761
10.406663816295405
0.0
8.109204764457429
1000
1000
0.0
1000
1000
12.022199723299606
1000
9.23437849888943
1000
8.715975892271917
1000
1000
1000
1000
8.484584436106779
11.273292719454092
1000
1000
1000
1000
1000
1000
1000
1000
1000
0.0
11.58335302514662
1000
1000
1000
1000
1000
1000
1000
1000
9.295041847334907
9.362335470197785
1000
1000
0.0
1000
11.908078358240173
9.070103030801166
9.786642453515425
1000
1000
9.672978413001834
8.595325645820326
9.299164699704841
10.993753440145895
1000
1000
1000
8.140213270144626
11.954752764146273
1000
0.0
9.849168693658553
1000
1000
1000
1000
1000
1000
1000
1000
1000
1000
11.072953277498495
1000
1000
10.65064730836248
1000
10.290893104229427
1000
1000
1000
10.066539917037272
8.9977787768215
1000
1000
9.188071595226068
0.0
1000
11.50325830829921
1000
8.916773920107914
1000
1000
1000
11.198638092154857
10.470073772982962
9.351495145323888
11.031113650587267
1000
8.13004195634666
1000
11.515851648364348
1000
1000
0.013339646267250337
1000
0.014133409951673713
10.262993950081452
9.605801150841836
1000
1000
0.013409059790267701
1000
1000
10.51815936793714
1000
1000
0.014194371040044666
1000
8.930109131656751
1000
8.731703373642302
8.735960330058942
9.340438190808745
0.013780435996321899
10.270864676481926
1000
1000
1000
1000
1000
8.824016196044862
1000
1000
1000
1000
1000
1000
1000
0.01394759168060329
10.642380864512488
11.0689079394784
8.166148813139365
11.9881907694029
0.01384011186297258
1000
1000
1000
11.610521971057373
8.780466785935987
10.972320211509608
0.0
10.23025708947742
9.680925609274087
1000
10.135763604922758
11.440684474882415
1000
0.0
11.139772430342738
1000
1000
1000
8.625704572565484
11.778913252636402
10.280319204582522
1000
8.303659368575351
1000
1000
1000
8.805350607460744
1000
0.014070610718252979
1000
10.652412450784619
1000
1000
10.99973391690259
1000
1000
1000
1000
11.995624513334459
10.538151075804278
11.39930360896777
1000
11.829221690109915
9.078275918681864
1000
1000
1000
8.423126423532329
11.136035815086448
1000
1000
11.247757274483089
10.238307229841464
1000
0.0
11.10170238905643
10.64264984603508
1000
1000
1000
1000
8.140501311235056
9.086641913283882
0.0
8.640243724517461
11.990007951285246
8.86739866155481
1000
10.19621101621422
12.09521177070379
0.0
1000
11.269065765666706
0.013694342603650897
0.0
1000
1000
0.013450446575156736
9.011724741438305
9.161181228493813
1000
11.617457240818597
0.01348158248768675
0.013772588085714603
1000
1000
9.012870907168196
12.102129836025778
9.40502399553644
1000
1000
10.467054016099048
11.268974606081217
1000
1000
1000
1000
1000
11.779845406622448
1000
0.01430500512835308
11.112655162933564
10.152970369619444
8.294564348821073
11.08889299390344
1000
1000
9.69060667593315
8.611336656126847
1000
10.663678009419355
1000
9.72624369696618
1000
11.109011782212002
10.018416630791869
9.563014507583652
10.624887357124374
10.88010428697657
1000
9.829794959274016
1000
10.421319847887416
1000
9.291823225457808
10.228095749821854
1000
1000
12.055517884926497
11.60776056723093
11.780826187166767
1000
1000
1000
11.88021303443066
1000
11.466825619004336
9.4867421821971
9.449518414487546
9.459151128814602
9.139822935441263
10.645037748946853
9.332267045619728
0.01395977526511263
9.291235367193597
1000
8.137490698658643
10.255301226919293
1000
1000
1000
1000
9.377526062594148
1000
1000
8.871574236042488
10.077601935743182
1000
9.99696306690183
1000
1000
11.778688434768092
11.597393023538453
1000
1000
0.0
10.479776341097558
8.856192234096687
1000
1000
9.636707452932647
1000
1000
10.759008086573322
0.014013841252065536
1000
11.79941199102681
1000
1000
11.28771454197072
0.014022253887690026
0.0
1000
1000
8.475701704726584
11.302954670494733
1000
8.42504647910197
11.810128282309364
1000
10.966269475607206
0.0
1000
9.301555869390848
1000
8.351179617937692
1000
9.045527427723949
1000
8.597388323755432
9.573394374276557
0.014070104152783557
12.108597156922606
11.27272522952555
8.774459974982904
1000
8.959514111324264
8.841094945066956
10.279747038461222
10.649357947657482
1000
1000
1000
8.678788648077282
1000
8.946684438985404
10.633142433571571
0.0
8.37277846209062
1000
10.697024741410349
10.202385587138835
1000
10.962825870017149
1000
1000
0.0
8.92425404975518
1000
10.213280528692865
9.369758992707032
1000
9.383511587599436
10.314287958718351
1000
0.013366696532590483
9.866745079712354
11.141015049504704
10.561703941169446
1000
10.371697299619338
10.961283098716505
0.013550054018417574
9.996199183366576
1000
9.018988569085911
10.627950353539305
10.016776366077815
8.153319986170981
12.115859352479829
0.0
9.663637298406409
1000
1000
1000
8.844328765025745
9.73969064681521
0.0
1000
9.910892046280434
1000
1000
9.572185624839515
9.856932265953684
9.54431062500185
1000
11.105451364812012
9.776303713298955
10.386544929178768
1000
0.20553103080985552
0.17621925330503482
11.848888979702684
0.20260537342382157
11.557248286176586
8.384254975176185
0.013517128871476285
1000
11.513345167586609
1000
0.0
0.0
0.19694289127834064
1000
0.013451339234855739
8.714897724815593
9.54146562948913
11.806337449510519
10.963186107015863
0.0
1000
1000
0.20406920139838516
0.206780371636648
1000
1000
0.19294193095744636
1000
1000
1000
0.01356252055285935
1000
10.386340967189238
1000
8.297438531370636
9.632839397381202
0.0
0.0
8.965484858684533
0.013920574397956456
0.2006723688285682
1000
1000
0.2109579219083893
8.235762515238491
0.19694892132170216
0.1890666838655311
9.530408318219
0.19160965279131892
1000
0.20560397824313803
1000
1000
0.013837097362720175
0.20069641059818566
11.778582445259383
1000
0.013746223823457096
1000
1000
8.307669092829721
1000
1000
1000
1000
0.18070615380714414
0.013983720239020657
1000
1000
0.18277777287261238
0.014029216550488147
11.495249137709362
1000
1000
10.41132483117891
0.20813813529534494
1000
12.085188076998914
1000
1000
9.360510604411425
11.80221273726932
0.0
0.01341584636484699
1000
9.383037757433087
1000
0.014118367314863359
1000
1000
0.013416828577056051
0.014103875307857703
0.2081886254513256
1000
12.035398559389273
1000
1000
1000
11.110737548431484
1000
1000
1000
8.838830301011086
0.17870293449532326
1000
0.19089624530105742
8.15566064316059
1000
1000
0.0
1000
1000
1000
10.678135485446498
1000
0.17922540613244545
0.2122299292653992
10.340319120983201
12.009833521956356
0.21604502999501174
0.2103127273351329
0.0
1000
0.0
1000
0.0
1000
0.1873635173648049
10.444494805817543
1000
0.013879207065886048
0.0
0.19749975726431046
1000
1000
1000
0.014249102621662978
0.18920385826941438
0.21405874280572657
0.20399273906003867
1000
1000
8.541554832671823
1000
1000
1000
1000
0.0
11.810199774529057
1000
9.486132064786263
0.19972373968861637
8.491818925465868
0.19189969690040662
8.33022293299117
10.423084644135924
11.414441406113227
1000
1000
0.18886032130866964
0.18489371378278968
1000
10.737990067530776
10.254143722911678
0.0
0.0
0.0
10.897666968367412
0.0
0.186029041304834
1000
1000
0.21007103728076082
0.01426535874047114
1000
1000
0.21148248202426223
1000
1000
1000
1000
9.736216172641706
1000
0.0
10.682989022644191
1000
1000
1000
0.18712429630315955
0.19689353754401995
1000
10.042314465414965
10.304381381011607
11.430899927024369
1000
1000
1000
10.025772886145818
0.19676961951277774
10.367759621931578
0.014247590553001137
0.0
1000
1000
8.446949357401989
0.0
0.19028198610756042
1000
0.0
0.19340554387574993
1000
0.0
0.20063569786763688
1000
0.1981886913920328
0.0
0.0
8.865318820765546
10.60206301636188
1000
1000
9.604509108971046
10.344983930577094
9.455697896280487
1000
0.18988583719550645
1000
9.901356046541496
11.731591184363923
0.013370502357045195
1000
9.074734521726418
1000
1000
1000
0.19358023813348374
1000
1000
0.014289633616760633
0.21398286206067774
1000
10.575266577632348
9.389509516308507
1000
1000
1000
1000
0.178986158179606
0.18932710751921
0.19939068555471268
0.013881211232441671
0.191251994149497
0.18394784264222122
0.013528424481677844
0.19786552570142998
0.0138951412443501
1000
1000
1000
1000
0.18562452744130173
1000
0.18979546219543336
1000
0.20668157737681586
0.013670767866714981
0.0
1000
1000
1000
1000
1000
1000
1000
0.18333181736291498
1000
0.20743391140529796
1000
0.0
1000
1000
0.2074864549775272
12.090350525090518
0.20203204796100482
0.013452029007036695
0.21378680095215918
0.0
0.013676533492889288
1000
0.17923269027202013
1000
0.1862690462874149
1000
0.0
1000
0.0
1000
1000
1000
0.18931294402649984
1000
1000
0.21000270508359464
0.20139113202188905
1000
0.1948558838190313
1000
1000
1000
1000
1000
0.1904701586862937
0.20533493298412517
1000
1000
1000
1000
0.2038783557611588
0.2054320220595907
1000
1000
1000
1000
0.014084149740311082
0.20105103669623126
0.19348937308843375
0.014037236271653196
0.013607925831567573
1000
1000
0.20017222240913807
0.014126830173459084
0.18855295708933806
1000
1000
1000
1000
0.1890068221467579
1000
0.013498223656921049
0.2155589203003564
1000
0.0
0.21770741889863152
0.1863554767219944
0.1814524369693789
0.0
0.0
1000
1000
0.21442836596322343
1000
1000
0.0
0.014278854629360611
1000
1000
0.0
0.2046152996261419
0.0
0.013536251517380799
1000
1000
0.014327252798436555
1000
1000
1000
0.20852734613438012
1000
1000
1000
1000
0.2038553618200506
1000
0.1773759518147402
1000
1000
0.1982143404625914
1000
0.014172961269653754
0.013708065017035394
1000
1000
1000
1000
1000
1000
1000
1000
0.013360404560356327
1000
1000
0.013762573078233701
1000
0.2161684239369454
1000
0.0
0.20649028148936913
1000
0.013890326660394511
0.0
0.014186144013506692
1000
1000
1000
1000
0.21583315936702038
0.19727657357586204
1000
1000
1000
0.0
1000
0.19366188711579974
0.18102924112531768
0.20677450198195696
1000
1000
0.014276975044119384
1000
0.1953979752612626
1000
1000
0.0
1000
1000
1000
0.0
1000
0.1833689942717488
0.2153028564048918
0.190635110164658
1000
1000
1000
1000
1000
1000
0.20435747212907976
1000
1000
1000
1000
1000
0.19441298683463532
0.013393207873670335
1000
0.21463996611866204
1000
1000
1000
0.19038483478846469
0.20916046146902656
1000
1000
0.1856780547306322
1000
1000
0.20828501162099267
1000
0.0
0.014331133798329178
1000
1000
1000
1000
0.19261251586462344
1000
0.20548712431771204
1000
0.21575562300585532
1000
0.21160287601079086
0.013835639275660417
1000
1000
0.013411382182602263
1000
1000
0.0
0.0
1000
1000
0.013566955970058274
1000
1000
0.1805993513742212
1000
0.0
1000
0.0
1000
1000
0.014049952596987408
0.0
1000
1000
1000
1000
1000
1000
1000
1000
1000
0.20170508055089886
1000
0.19358798840867467
1000
0.013973810831592241
1000
0.0
1000
0.0
1000
0.21126467434709742
0.014184589989514808
1000
0.20470160807408833
0.19856512938371768
0.0
1000
1000
1000
1000
0.18906659002989962
1000
1000
1000
1000
0.0
0.013494690522111606
0.013713162696340238
0.013911756844302316
1000
0.0
0.0
0.1931383459024938
0.1967139614906333
0.18457549003767765
0.2128225463077209
0.1870999056383492
1000
1000
0.013830700087316865
1000
1000
1000
0.1822776670289628
0.013771568789420452
1000
1000
1000
0.1922964452434202
1000
1000
0.0
1000
0.20007734651575937
1000
0.21421034976397782
1000
1000
1000
0.0
0.0
0.18880274824996562
0.20610749177338644
0.0
1000
0.013682746541391755
1000
1000
1000
1000
0.20946027313789134
0.013811340750417898
0.17915381240312073
0.0143319960226384
0.0
1000
1000
0.18247810809741738
1000
1000
10.705446799156391
1000
1000
1000
1000
0.014039504510625455
0.1802875979300666
0.20254682017956105
1000
1000
1000
1000
1000
1000
1000
1000
1000
0.21105424065346723
0.17589754186480355
0.013440440829415706
1000
1000
0.013471011529097857
0.20322286448386
0.2087564861484767
0.013516353834941338
0.01411022359894466
0.0
0.20231863026743463
0.17932050753729634
1000
0.19440157720325463
1000
0.18205889975184714
1000
1000
0.0
0.013666595866025965
0.18948556162071065
1000
0.0
0.014164266818124285
1000
1000
0.013675953656123141
1000
1000
0.0
1000
0.19633700551563082
0.20949841022101912
1000
1000
0.17805639825413064
0.013753665359245148
1000
1000
0.0
1000
1000
1000
1000
1000
1000
0.18678513339986938
0.18614432870343808
1000
0.2133363315261142
0.0
0.013560581824473294
1000
1000
0.18898239985091544
0.2135253785253295
0.1811653866184706
0.19082877546913368
1000
1000
0.0
0.18690217340341797
1000
0.18133637023461327
0.18324149798095574
1000
1000
0.21027927358762766
0.013945309786322637
0.18548454581260268
0.013534966329386283
1000
1000
1000
1000
0.0
0.013984296040817875
1000
0.01372219763307739
1000
0.013468075089089277
1000
1000
1000
0.21223162981942412
0.20031390115897318
0.2005522736934554
1000
0.013512205838391802
10.536051408220068
0.18509265786936518
1000
0.0
0.19332614154996364
1000
1000
0.20963607560551373
0.1925592575721079
1000
0.0
0.17953885596995312
1000
0.013520955402749517
1000
1000
0.21296853461022558
1000
0.1951340572759555
0.01391535427881595
0.18707496866371032
1000
1000
0.2010701513449133
1000
0.18417255250299192
1000
0.18330501783846134
1000
0.013660950736367842
1000
0.20983130387265697
0.013575527274690224
1000
1000
0.21031165798300475
1000
0.20251809926711162
1000
0.0
1000
1000
0.01334136510275811
0.17914330038422377
1000
0.19678166174875336
0.20693304812736296
0.1882738724742633
0.2007289813867079
0.21067987040760222
0.17846051709799982
0.18641604197494088
0.0
0.206322248543432
0.182822776470601
0.0
0.0
0.18572111308301711
0.18969329690104816
0.20592579570186345
0.2113662565985812
0.19859279930428997
1000
1000
0.0
1000
0.18402376121293074
0.013559923052992256
0.013642282093702598
1000
0.20921915691560003
1000
1000
0.21324460661569633
0.21530373953591503
0.20295501209966865
0.013403654113636195
0.0
1000
1000
1000
1000
1000
0.17957471449685733
1000
1000
0.014231235188022079
0.2124487884958794
1000
1000
0.014189112752805714
1000
1000
1000
1000
1000
1000
1000
0.0
1000
1000
1000
1000
1000
1000
1000
1000
0.0
1000
1000
0.2040409589407911
1000
0.1947737703515221
1000
0.013508885579091294
1000
0.20897998102273643
1000
0.18363189461630583
0.0
1000
0.19229934659186226
0.21404748735481138
1000
0.0
1000
1000
0.20735269639704532
1000
1000
1000
1000
1000
1000
0.013439031384450111
1000
1000
1000
1000
0.014287539463951986
0.01347200689119377
0.21471488475933923
0.013425102158250574
0.0
0.0
1000
1000
1000
1000
1000
0.0
0.013875674367078579
0.013642414074091799
1000
0.20748611519383914
1000
1000
0.21380034274396967
1000
1000
1000
0.0
1000
0.17533463876578714
0.18823434409651735
1000
0.1861741027867314
0.013544952420340574
1000
1000
1000
0.2067156850456947
0.0
0.0
1000
1000
1000
1000
0.014137588584967713
0.0
0.0
0.0
1000
1000
0.014318533879544015
1000
0.0
1000
1000
0.19102429480412114
1000
0.2102292229491411
0.0
0.0
0.0
0.1949771763450095
1000
1000
0.014025986437734948
0.20569574818758093
0.19186191957873705
1000
1000
0.19569625534599358
1000
0.20532214069239324
1000
1000
1000
0.2150063493445457
1000
1000
0.0
1000
0.19271766341601126
1000
0.19455661067872923
0.0
1000
1000
0.2100790710810967
0.21550348248357065
0.0
1000
1000
0.0
0.20876524070225322
0.2014180872834741
1000
1000
0.013843246571408318
1000
1000
1000
0.0
1000
1000
1000
0.19197523409665815
0.1837929084623383
1000
0.0
0.01432235411272624
1000
1000
1000
0.01387399264210625
0.0
1000
1000
1000
1000
1000
0.19302960591762558
0.01339210696469564
0.01361388182003114
0.209423902720555
0.20734142522143315
1000
0.013806138280257133
0.20935585468997944
0.013804225862654066
0.1813842756380572
0.0
1000
1000
1000
1000
0.013651693945530676
1000
0.0
1000
1000
0.01365920446187963
1000
1000
0.0
0.0
1000
0.0
0.0
0.0
0.18628373801042067
1000
1000
1000
1000
1000
1000
1000
1000
1000
1000
0.0
1000
1000
1000
0.013566847222141326
1000
1000
0.01372592932603513
0.0
1000
1000
1000
0.20153181293426464
0.01415196565858941
1000
1000
0.0
0.20246706301120476
0.20719660112009625
0.014100055767202087
0.18166955608754548
1000
1000
0.013601670385119988
1000
1000
0.0
1000
0.0
1000
0.014239347522359697
0.013599367409772791
1000
1000
0.013969802699039455
1000
1000
0.19230558220795768
1000
1000
1000
0.21686470803548819
0.014086062447387537
1000
0.19765631503649375
0.0
1000
0.013366223416548655
1000
0.18451845780538945
0.18794152417873655
0.19961093444875233
1000
1000
0.014193898477667966
1000
0.013460784540345064
0.013592954519025813
1000
0.2095690485413085
1000
1000
0.19428427308088528
1000
0.19926269218508713
0.1940355926612361
1000
0.014145810304051676
1000
0.21444480795021392
1000
1000
1000
1000
0.18357599735151842
1000
0.01407579626618361
1000
1000
0.1791257610911154
0.014111753202064148
1000
1000
1000
0.013990783768556803
1000
1000
0.0
1000
0.2100336528654917
1000
1000
1000
1000
1000
1000
0.0
1000
1000
1000
1000
0.0
0.0
0.01408870943589763
0.0
1000
0.20332061200727625
0.0
0.013564788534968154
1000
0.0
0.0
1000
1000
0.014018422466737238
0.0
0.17963897585993266
0.014060055139725006
0.21033373102492664
0.0
1000
0.013563762707271144
1000
1000
0.01367221390712363
0.0
0.0
0.013683155482040863
1000
1000
1000
0.0
0.19101801364514348
0.01401235331709097
0.0
1000
0.1870082249434604
1000
0.013832939338953552
1000
1000
0.0
1000
1000
0.013967334277089629
1000
1000
1000
1000
0.014085603168613698
1000
1000
1000
0.013631189869866837
1000
1000
0.01420529908360162
1000
0.18235957637819716
1000
1000
1000
1000
0.0
1000
0.0
1000
0.0
0.013419548253165532
0.19684266200164174
0.01342459816085424
0.20331952875773707
1000
0.0
0.0
1000
0.0
0.0
1000
1000
0.18298562019726355
0.19779332324666254
0.1819052597877539
0.0
0.01393417341492005
0.18862293923492662
0.178966212579417
0.014060462940355145
0.0
0.0
1000
1000
1000
1000
1000
1000
1000
0.0
1000
1000
0.013351630956330135
0.20040320493872205
0.2021223515497284
0.0
0.013964448246305421
1000
1000
1000
0.0
0.013355585804543768
0.0
1000
0.013732899239874244
0.0
1000
1000
0.0
0.013730158864320162
0.0
0.0
0.19687510633326566
1000
1000
0.0
1000
1000
0.18267294067496698
0.20354479522223362
0.20356558789226042
1000
1000
1000
1000
0.21136654838456156
0.0
0.19515433016478126
1000
1000
1000
1000
1000
1000
0.18133854993295792
1000
0.01406614203620243
1000
0.0
0.013743013359275857
1000
1000
1000
0.0
0.014082894551127932
1000
0.0
0.01406966218822287
1000
0.18310773867705066
1000
0.19606483081860332
0.014222737251614291
0.01406335004485644
1000
1000
0.20175071740694742
1000
1000
1000
1000
1000
1000
0.18158764499042535
0.0
1000
1000
0.01431695922677905
0.013513814953579551
1000
0.014015195212928834
1000
1000
0.013419743927223452
0.0
1000
1000
0.0
0.013670164612254015
0.0
0.2017245044200371
0.01357858761685304
1000
0.0
1000
0.20005421388572217
0.0
0.013527178529883324
1000
1000
1000
0.1841592996826627
1000
1000
1000
1000
0.0
0.013509976935213353
0.18553599851055996
0.0
1000
1000
1000
0.013547900513048123
1000
1000
1000
1000
0.0
0.014234088169643937
1000
0.18431442166606443
0.0
1000
0.013802951166348262
1000
1000
1000
1000
1000
1000
1000
1000
0.21357943904923
1000
0.18360512569565582
0.0
1000
1000
1000
0.014252574095131466
0.17863910885175613
0.20474201753265325
0.014273500293553513
0.0
1000
1000
1000
0.013475066958174577
1000
0.204729747717449
0.19051083119268464
0.014314047148941342
1000
0.0
1000
1000
0.1785903383794418
1000
0.014008599442346458
1000
0.013605352992697313
0.1943334068069674
1000
0.20609870899428134
0.013595290770829932
0.0
0.0
0.013601199202163598
0.21246770780154872
1000
0.013630796216220395
1000
0.187517092259749
0.20445513100656837
1000
0.0
1000
1000
1000
0.0
0.0
0.013756143899117113
0.013852153184083478
0.014047594957647118
0.013975891707322977
1000
1000
1000
1000
1000
0.18275125374049228
0.013809534712179938
1000
1000
0.19266517432508656
0.1815371033734736
0.20807224078472927
0.014077385160056808
1000
0.013885208421426393
0.19892686203211302
0.21529114693355034
1000
0.0
0.014249213168556867
1000
1000
1000
0.0
0.014241112707280096
1000
0.0
1000
0.2069374756177686
1000
0.0
1000
1000
0.20481967801541417
1000
1000
0.196442245608123
0.0
1000
1000
1000
1000
0.21166502764735534
1000
1000
0.014188393644812263
0.014173985226781278
0.014137464223831038
1000
1000
0.014296184749302396
0.01416257879359483
1000
0.014005000033859957
1000
0.013591164420538234
0.013430332252008714
0.013800961909660073
0.19012657396394092
1000
0.0139123301103042
0.014314287910465413
0.01348977737124378
1000
1000
0.18141008479715112
0.0
0.0
1000
1000
0.21755176063657972
0.013345510450724307
0.014256635913455452
0.01377601068569554
1000
1000
0.013520357029828694
0.1893366712715541
1000
1000
0.1858035865451722
0.014008718115584804
0.0
0.19402445767616328
0.013811359761987586
0.0
0.0
1000
0.18487799558205975
0.013413589069272938
0.2018402362979219
0.19310596224217885
1000
0.20786198230596672
1000
1000
1000
1000
1000
1000
0.2118367830092421
0.01423956988075331
1000
1000
0.014019669141242334
0.0
1000
1000
1000
0.013491719086460883
0.0
1000
1000
0.013703201654798046
0.014287972238758254
0.20594666213526097
0.19289296137681977
1000
0.18984738784871685
0.0
0.0
0.014330513827847034
0.0
0.0
0.2065361696768162
1000
0.18996628440157398
0.01345694673119579
1000
0.1946717151244387
0.19495961562505992
1000
0.014262960295238618
0.21204045816165257
0.0
1000
1000
1000
1000
1000
0.013742505941320435
1000
0.2139118796246804
1000
0.0
0.19529031198101532
1000
0.1937010326208886
0.0
1000
1000
1000
1000
0.01417232504427784
0.0
0.0
0.21112961527884874
0.013719456144431319
0.013895903348145833
0.013862619726231047
0.20756137784182438
0.0
0.0
0.013799591872493407
0.0
0.2086932458829766
0.0
0.19867683350019294
1000
1000
0.19393794368334807
1000
1000
0.18171198988565385
0.19331800932275744
1000
0.01395031805106804
1000
0.0
0.21131907691657129
0.013986198300784094
0.20883627177643554
1000
0.0
1000
0.2097361503444779
0.184279644142545
1000
1000
0.19430780381450005
0.0
0.18272077263462547
1000
0.013664177041724207
0.21205897348370806
0.013506145250630102
0.17821250131972433
1000
0.013510875572716768
0.0
1000
1000
0.212886340248305
1000
0.20590672831884166
1000
1000
1000
1000
0.20329679879522358
1000
1000
0.0
0.19321456720394276
0.013578277105793585
0.014224598662986684
1000
0.21029281846910197
1000
1000
0.014097340008229924
0.013730309043136126
0.01338455855689214
0.20829069452879645
0.19920061398933062
0.20241237834234183
0.19835042656029828
0.18740058282503308
1000
0.18769355462609755
0.20506358830906501
0.18466157176348352
1000
1000
0.0
0.013885641187875252
1000
0.2062592758338523
0.2046918061208633
0.0
0.2093830300371238
0.013406931137223136
1000
1000
0.20601354940188063
0.0
0.014270621171509231
1000
1000
1000
0.0
1000
0.0
0.21187249317793885
1000
0.1801355350503072
0.18175336768310035
0.17508096536611056
1000
0.0
1000
0.20661114360675897
0.19500424904128405
0.18851382711146322
0.18211067083332905
0.19815709475989723
1000
0.17960428726782235
0.0
0.19590689658067423
0.1933839718226088
0.1931522667022247
1000
1000
1000
0.0
1000
0.21402329156033817
1000
0.18715464761754208
0.0
0.013661960386869152
0.013924863724186536
0.0
0.013385378291439348
0.0
0.014329365389019664
0.013607928277200905
0.19095693651031836
1000
0.2083061533114076
1000
0.01357390105438448
1000
0.013735118779480615
1000
1000
0.0
0.17767457973733441
1000
0.18037048326848676
0.014009001371496764
0.013544542591193665
0.014100763391710534
0.18878171012863404
1000
0.0
1000
0.0
0.01426737025010464
1000
0.0
0.014271016664516287
0.014139472853395002
1000
1000
0.1751770116267496
0.2083392215582061
0.013526658923726002
0.013768876656374999
1000
1000
1000
1000
1000
0.20220570099898383
1000
0.0
1000
0.0
1000
1000
0.21017950945289332
0.0
1000
0.0
0.0
0.013928965951047105
1000
0.013505075295632836
0.2070369971468432
1000
0.193518710149107
0.20667356296614653
0.0
0.01388717960274467
0.013591575953120815
0.0
0.013662733530928162
0.19588318979360003
0.20238442639189147
1000
0.0
1000
0.2059851675350634
1000
1000
0.1801021345075987
0.014185539955920022
1000
0.0
0.01407547027225713
0.17670913201915134
0.014124043475349079
1000
0.01422098692299631
0.18261281268832097
1000
1000
0.01388381145964565
0.17727862771737357
1000
1000
1000
0.01386216076929012
0.1942656112453301
1000
0.0
1000
0.0
1000
1000
0.013745293913779934
0.014221673686830914
1000
0.014233907982960547
1000
1000
1000
1000
0.013729990088243056
0.0
0.013907880131074581
1000
0.013864049723519928
1000
1000
1000
0.21357715760206306
0.0
1000
1000
0.01409672748835554
1000
0.19000429287386816
1000
1000
1000
1000
0.19785344288912368
1000
0.013668657520429261
1000
0.0
1000
0.17745986354809912
0.0
1000
1000
1000
1000
1000
0.014010564997286902
0.014256061895571794
1000
1000
1000
0.20570606188300644
1000
0.18915872116645652
0.014025225302047748
1000
1000
0.0
0.0
0.0
0.19502467384922234
1000
0.0
0.20324797398809435
0.0
1000
0.0
1000
1000
0.013748266659496989
1000
0.0
0.0
0.0139117052353392
0.014190044236594434
0.20802438171273002
1000
0.2064193007086063
0.18239594496031108
0.0
0.19719658866142878
1000
0.0
0.0
0.013903115224752474
1000
0.0
1000
0.0
1000
1000
1000
0.0
0.21379851840654568
0.1799314930548127
1000
1000
1000
1000
1000
1000
1000
1000
0.0
1000
1000
0.0
1000
1000
0.0
1000
0.0
1000
1000
1000
1000
0.21268305836479648
0.0
0.21308207166486764
1000
0.18056878906361984
0.013376480936454509
1000
0.014232881229503076
0.0
1000
1000
1000
0.20632474504228576
1000
0.013697481853868649
0.2130267360992524
1000
1000
0.0
0.014201085568611823
0.0
0.01367320019153412
1000
0.20132107814711053
1000
1000
0.19664851351191603
0.21741152375803435
1000
0.0
0.0
0.014137219427865756
1000
1000
0.013994523245584251
0.014278159199236447
0.014281628068631886
0.013519088029359382
0.01346087227110118
0.01336477490906351
1000
0.0
0.013899098201277616
0.013373758842517383
0.0
1000
0.013824289018163448
0.013907870922321382
1000
0.205045494289394
1000
0.0
1000
0.01346834114762836
0.013755772984917161
0.0
1000
1000
1000
1000
0.0
0.2027817902291551
1000
1000
0.20891840481389967
0.014092794160022695
1000
1000
0.0
0.0
0.013917040282144197
1000
0.014327516410336135
1000
1000
1000
0.0
1000
1000
9.25652837801876
1000
1000
1000
1000
1000
1000
1000
1000
1000
1000
1000
1000
11.790874866888249
1000
12.091302869849683
11.17721011306408
9.463281547212539
1000
10.543626471020994
1000
11.573700794097666
9.341484146716075
8.410953615054904
10.634996838043712
9.964168650262279
1000
1000
8.549194086136295
1000
1000
10.159989089552438
9.389536182643804
1000
1000
1000
1000
11.056848551823409
1000
1000
1000
8.60502416848439
1000
1000
1000
1000
8.266936511189428
1000
1000
12.124190919944283
8.418581866162521
1000
9.868189855971858
1000
9.517508541876092
1000
11.07390501094877
8.78238451337331
1000
1000
1000
11.414115575101178
10.112971206371661
0.0
11.810201272112256
1000
11.596135621028427
11.688683437338389
9.737609057688113
1000
1000
1000
10.537570010071736
1000
1000
1000
8.773610322365094
1000
1000
1000
9.046424027209486
11.601645169895615
1000
1000
1000
1000
1000
1000
9.270464655544643
1000
1000
10.184009051042608
10.364147004339621
9.193393387688575
1000
1000
11.36171714986716
9.071207007742728
10.06239807585216
10.246139405246689
1000
1000
8.288106758145426
10.591713255722262
9.531879524802276
9.292275202248668
1000
10.6782136485743
1000
10.107087467632136
10.297335157357194
0.0
8.214073623916747
0.014012118000057841
8.464653214221912
8.899193085195698
10.888781919123195
1000
11.687773597384428
1000
1000
9.222278743487331
10.052253717786444
10.072436823710499
11.398893128883119
8.191907979857342
9.214567889458774
10.010587995275847
1000
1000
9.198040076223322
1000
0.18402652824232946
1000
1000
9.314007483797011
11.454255035833146
1000
8.889235069020545
10.71576466876129
11.276096139275278
8.923588125852767
1000
10.714758633629339
1000
1000
1000
1000
10.367831866128808
12.08693896937344
1000
9.507289001303254
1000
1000
9.146861870821951
1000
10.159241639401326
1000
8.796972833452081
1000
8.167863828050542
11.627649766264199
1000
1000
1000
1000
1000
11.5443781458903
1000
1000
1000
8.49155177136138
1000
1000
1000
1000
1000
1000
1000
1000
10.730575977439266
10.564268263423726
9.970431119741182
1000
11.484026420533924
1000
1000
1000
1000
10.20901329382674
10.51619340665308
1000
11.533059260892266
1000
1000
1000
1000
1000
11.79302289297409
8.599065806400512
1000
1000
1000
1000
1000
1000
11.320398667836336
1000
1000
1000
1000
9.870003604145726
1000
1000
1000
1000
11.410498964166825
11.391177400903263
1000
1000
1000
1000
1000
12.098467034551643
1000
1000
1000
1000
1000
1000
1000
1000
1000
1000
11.003114712646518
1000
1000
10.702805140752636
11.154839226996705
10.65560339860212
9.792389310641672
1000
1000
10.622677761442992
10.116977058441302
8.42699489137641
1000
1000
1000
1000
1000
1000
9.076650394613296
1000
1000
1000
1000
1000
1000
11.306516000623748
1000
1000
1000
1000
1000
1000
1000
10.776458969891122
1000
11.586095048913098
1000
1000
1000
1000
1000
1000
1000
1000
8.364486726160887
1000
1000
1000
1000
1000
1000
11.063391036984667
11.677039260111721
1000
9.408021176615101
1000
1000
1000
1000
1000
1000
1000
1000
1000
1000
10.68769835688927
1000
1000
1000
1000
1000
1000
1000
1000
1000
1000
10.020925577340343
1000
1000
1000
1000
1000
1000
11.188973905953022
1000
1000
8.516722519579714
11.563879996566527
1000
1000
1000
8.489190055349793
11.650930187012454
1000
10.136874773157219
11.055197408648795
8.822350204181568
1000
1000
1000
11.707339377006797
1000
11.063723491084213
1000
1000
8.236716210334714
1000
1000
9.653169391143239
1000
9.520149986291008
1000
9.485003807990955
10.33045023582327
1000
1000
1000
1000
1000
1000
1000
1000
1000
1000
10.865208293600631
1000
1000
12.068771731787363
9.498888839611974
1000
1000
9.464791478110584
1000
1000
1000
1000
1000
9.876594257019788
1000
1000
1000
1000
1000
1000
1000
8.901716831543183
1000
1000
1000
1000
1000
1000
9.851963347519286
1000
12.081350306450277
1000
1000
1000
1000
10.367038004182124
1000
1000
1000
1000
1000
1000
1000
9.63316312284888
1000
1000
1000
1000
11.41389810559592
1000
1000
1000
1000
11.728042504994397
8.454833256876048
1000
1000
9.040662694436755
1000
9.920410144887741
1000
1000
1000
1000
1000
1000
1000
1000
1000
1000
8.646465205911527
11.689379082055657
1000
9.92455253984605
1000
1000
1000
10.596704154317266
11.530516179180777
1000
1000
1000
1000
1000
1000
8.20541863878341
1000
1000
1000
1000
1000
1000
1000
1000
1000
1000
1000
0.0
1000
1000
1000
1000
1000
0.0
11.630863517204784
0.013810480961826976
1000
1000
11.64297330066566
1000
1000
1000
1000
1000
0.0
1000
10.231133333405515
0.013645105389439607
1000
9.804710676276974
1000
0.0
1000
1000
1000
0.0
1000
1000
1000
1000
9.5537366397826
9.821455327759699
0.0
0.013489372729685548
1000
1000
1000
9.7254600488531
0.0
11.702979440609333
1000
1000
1000
1000
1000
1000
1000
10.294050487505505
1000
1000
1000
1000
1000
8.635910734071336
0.0
1000
1000
1000
1000
1000
0.014104794019886591
1000
0.0
1000
1000
11.73798871372379
1000
0.013696244640187155
1000
0.013500415113288762
1000
1000
8.972029934951815
11.331604980426535
1000
1000
1000
0.0
1000
1000
1000
1000
1000
11.683338405577071
1000
11.046373690527357
1000
1000
1000
1000
1000
1000
1000
1000
1000
1000
1000
1000
1000
9.863686084325286
1000
1000
1000
0.0
1000
1000
1000
1000
1000
1000
9.08310481469942
1000
1000
1000
11.24012998914401
1000
0.01339228336102923
1000
0.0
1000
1000
10.404673261807151
1000
8.166107565749762
1000
0.0
10.95063300162291
10.533332689854182
10.287892460699268
0.0
1000
1000
0.0
1000
0.0
1000
1000
1000
9.211581075672767
1000
9.113700887865283
1000
0.0
0.013849184069708562
1000
1000
1000
8.29570591271158
1000
1000
1000
1000
1000
11.908816670582077
1000
1000
1000
1000
1000
1000
1000
1000
1000
1000
1000
1000
1000
1000
1000
1000
9.846004749251144
1000
1000
1000
0.0
1000
1000
1000
0.014244227878339014
0.013861333448278198
1000
1000
1000
1000
1000
1000
1000
8.231789205011763
0.014022864355079425
0.0
1000
1000
1000
0.013846226390451298
1000
1000
1000
12.051449169127858
0.0
11.376832103400144
1000
1000
1000
1000
9.138440682497798
1000
1000
12.109607861541061
1000
11.56708356073263
1000
1000
1000
1000
11.047337414734518
1000
1000
1000
11.25836858028741
10.888437848193927
1000
1000
1000
1000
1000
1000
1000
8.417779866042043
10.596608445177743
1000
1000
1000
1000
1000
9.860049387529434
1000
1000
1000
0.013938735757679992
1000
1000
11.800941111968136
0.01357903800211442
1000
1000
1000
1000
1000
0.014067030054184389
1000
1000
1000
1000
1000
0.013548053238143232
1000
1000
1000
1000
1000
1000
1000
1000
1000
0.0
1000
1000
1000
1000
1000
0.0
1000
0.0
1000
1000
1000
1000
8.201629796404779
1000
9.909931483290807
11.471605072048956
11.213671977055355
1000
10.1382198802906
0.0
10.417376425648243
11.80271422664181
0.0
9.755218022741088
1000
9.378564349074736
11.18755254107273
11.299804847350543
1000
8.664511767563738
1000
0.0
8.192452973948868
0.013787230536219
11.303149582030503
0.0
1000
12.085036006332416
11.605501754325598
1000
8.450487907034956
10.51873020049449
10.45097135828923
9.804511043516445
0.014239358826137766
10.37934270399321
0.0
9.82492761232047
1000
9.261352798029273
1000
10.849917185329268
0.014120601946565815
9.20136379110387
8.398315362509294
0.0
1000
1000
1000
8.597315155875476
1000
11.739447521003573
9.298247778535513
8.45210066474096
10.784085944510672
11.37951709159011
8.96735604298407
10.617284910412236
0.0
9.0751369110892
8.988747477683269
0.013670703928340144
10.38198740318497
11.544513381391372
