13.539152973582707
1000
1000
1000
1000
1000
1000
16.861223340958865
13.586735526598833
1000
1000
1000
1000
15.490227061457492
1000
1000
1000
1000
15.718845329615103
15.4197755779715
1000
14.059933420372584
1000
1000
1000
1000
1000
1.6175920533377994
1000
1000
1000
1000
1000
15.659335659608264
13.569573733613815
14.270679577607787
1000
1000
1000
1000
16.292803516863852
15.303852484907871
1000
1000
1000
1000
1000
1000
1000
1000
1000
16.378882671577507
1000
1000
1000
15.042507153746318
1000
1000
1000
1000
1000
16.087054498454524
1000
1000
14.598551319459803
1.6187748719659147
14.769788368838869
1.6186589586093574
1000
1000
1000
1000
1000
1000
1000
1000
1000
1000
1000
1000
1000
1000
1000
1000
1000
1000
1000
1000
1000
15.76787702367507
1000
1000
1000
1000
1000
1000
1000
1000
13.502668644988994
1000
1000
1000
14.523933495766556
1000
1000
13.562988232991007
1000
1000
1000
17.051948770009627
1000
1000
1000
15.048255836004778
1000
1000
1000
1000
1000
17.272368994704564
1000
1000
1000
1000
1000
1000
1000
1000
1000
1000
1000
13.731071293532931
1000
1000
1000
15.36414803475725
1000
1000
1.6169266649789056
1.6163941221604772
1000
1000
1000
1000
1000
1000
1000
14.22870025478414
17.121555995112967
1000
1000
1000
1000
1000
1000
1000
1000
1000
1000
1000
1000
1000
1000
1.6167585810305007
1000
1000
1000
1000
1.6183738581276912
1000
1000
1000
1000
1000
1000
14.897432791326505
1000
1.6168792425768999
14.566596850712411
17.173157899082163
1000
1000
1.6193041890255664
1000
1000
1000
1000
1000
1000
14.07209365311139
1000
1000
1000
1000
13.698391697537973
1000
15.921482230021942
1000
1000
1000
1000
1000
1.6192444838118154
1000
14.39680014840177
1000
1000
1000
1000
1000
15.595618069539533
1000
1000
1.6169634179262422
1000
1000
1000
1000
1.6167739876075553
1000
1000
1000
1000
1000
1000
13.764277352596475
1000
1000
1000
16.400208505951998
1.617440386585269
1000
1000
1.61898094589217
1000
17.106317251818638
1000
15.720904009665796
1000
1000
1000
1000
1000
15.154164536921847
1.6156439153009967
1.6146897323826053
1000
1000
1000
1000
1000
1000
1000
1000
15.60347896918794
1000
1000
1000
1000
1000
15.764717432493205
17.460505939214492
1000
15.231183773889096
13.681038788102889
1000
1000
1000
16.7849170673802
1.6149388601696175
1000
1000
1000
1000
14.229236130245166
1000
1000
16.635750926471168
15.89195712044114
1000
1000
1000
16.206109173276186
1000
1000
1000
1000
1000
1000
1000
16.932338742914308
1000
1000
1000
1000
1000
1000
1000
1000
1000
1000
1000
14.554367969022087
1000
1000
1000
1000
14.350335536658005
13.790548849746916
1.6198283883434472
1000
15.277841117939188
1000
1000
1000
1000
14.043623044192413
1000
1000
1000
1000
16.666678671304048
1000
1000
1000
1.614548925174088
1000
1000
1.618340089035709
1000
1000
16.94538845304311
1000
1000
1000
1000
16.73289980725231
1.617027807509362
1000
1000
15.801356751181151
1000
13.478980616981456
1000
1000
1000
1000
1000
1000
1000
1000
1000
13.441011430735122
1000
1.617142456577525
1000
1000
1000
1000
1.6182469607615408
1.6161963677472877
1000
15.650272979260524
1000
1000
1000
1000
1000
1000
1000
1000
1000
1000
1000
1000
1000
1000
1000
1000
1000
15.076842547265468
1000
1000
1000
1000
1000
1000
1000
1000
1000
1000
1000
1000
16.928666640710127
1000
1000
1000
15.88513555786572
1000
1000
14.763020811994185
1000
14.789218224920974
1000
1000
16.85152009877144
1000
1000
1000
1000
1000
1000
1000
17.355778261927
17.05284733011179
1000
1.6190392673210166
1000
1.6178976431421621
13.51264441634442
1000
1000
1.6173587101935931
1000
1000
1000
1000
1.6190539356863185
1000
1000
1000
1000
1000
1000
1000
13.544799640297004
1000
1000
1000
16.001236004084674
1000
1000
1000
16.056808138473713
1000
1000
1000
14.722363534721103
1000
1000
1000
1000
1000
1000
1000
15.337084631142535
1000
1000
16.94870910491105
1.6184771315062356
1000
14.411675140589132
1000
1000
1000
1000
1000
1000
1000
1000
1000
1000
1.6171664260851177
1000
1000
1000
1000
1000
1000
1000
1000
1.6174438946820116
1000
1000
1000
1000
1000
14.938923475872308
1000
1000
15.901711829916914
1000
1000
1000
1000
1000
1000
1000
1000
1000
13.479701341068278
1000
1000
14.654644327839986
1000
1000
1000
1000
1000
1000
1000
1000
1000
1000
1000
1000
1000
1000
1000
1000
13.622221605487432
15.119950287823945
17.347171782811817
15.991638091999853
1000
1000
1000
1000
1000
16.451278670224895
1000
1000
1000
15.351328396625416
1000
1000
1000
1000
1000
1000
1000
1000
14.476509379521817
14.372523118004253
1000
1000
1000
1000
1000
1000
1000
1000
1000
1000
1000
1000
1000
1000
1000
1000
1000
1000
1000
1000
15.596308422912305
1000
1000
1000
1000
1000
1000
1000
1000
1000
15.54892264407932
1000
1000
1000
1000
1.618650687342443
14.712395791594677
1000
1000
1000
1000
15.1642090150777
1000
1000
1000
1000
1000
1000
1000
1000
1000
1000
1000
1000
1000
1000
1000
16.881531308899294
1000
1000
1000
1000
1000
1000
1000
1000
1000
1000
1000
1000
1000
1.6167717726620887
1000
1000
13.808299944483677
1000
1000
1000
1000
1000
1000
1000
1000
1000
1000
17.26728949825487
1000
1000
16.832098940543904
1000
1000
1000
1000
1000
1000
14.683398481537264
1000
1000
1000
1000
1000
1000
1000
1000
1000
17.415744956181207
17.11310925928965
17.169299715871112
15.850424820703571
1000
1000
16.637605728470334
1000
15.443639533083287
1000
1000
1000
1000
1000
1000
16.115486520071702
1000
1000
1000
16.964812474814067
1000
1000
1000
1000
14.040748603070359
16.113229357888564
15.62614404761839
1000
1000
1000
16.889780896247206
1000
15.453318834854054
1000
1000
1000
14.621574261482
1000
1000
1000
14.72515818508909
16.135452959782356
1.6194590643883486
1000
1000
1000
1000
1000
1.6182986131963928
1000
1000
13.757280634846406
1000
1000
1000
1000
1000
1.6156037302264072
1000
1000
1000
17.40267280201391
1000
14.773699972632592
16.719502225541873
1000
1000
1.6150946510558175
13.945018637416602
1000
1000
1000
1000
1000
1000
1000
1000
1000
1000
1000
1000
1000
15.283040570203745
1000
1000
1000
1000
1000
1000
1000
1000
1000
1000
1000
13.484086074731017
1000
1000
1000
1000
1000
1000
1000
1000
1000
1000
1000
1000
1000
1000
1000
15.749136962889336
1000
17.15878041119947
1000
1000
1000
1000
17.405808607309236
1000
1000
1000
1000
1000
13.50257123002492
1000
1000
1.6170730923123282
1000
1000
1000
1000
1000
1.6146497219399853
1000
1000
1000
1000
1000
1000
1000
14.850926649746356
1000
1000
13.49211740179306
1000
1000
1000
1000
1000
1000
13.529119470596479
1000
1000
1000
1000
1000
1000
1000
1000
14.353342737720595
1000
1000
1.6144091739848414
1000
14.247690455684712
1000
16.56834632631324
1000
1000
1000
1000
1.618236990519175
1000
1000
1000
1000
1000
1000
13.733560261198546
1000
1000
1000
1000
1000
1000
14.220447031037455
1.617462892393354
16.423371109304234
1000
1000
1000
1000
13.575508509072094
1000
1000
15.22404117845196
1000
1000
1000
1000
15.78526328616882
1000
1000
1000
16.76362419489185
1000
1000
1000
1000
1000
14.633261415869939
1000
1000
1000
1000
1000
1000
1000
1000
1.6153297690192376
1000
13.473184807728352
1000
1000
1000
16.923457742319282
1000
1000
1000
1000
17.19547849493152
14.452264586411397
1.6155150824628124
1000
15.89660084954217
1000
16.559577607849572
1000
1.6183133795463214
1000
1000
1000
1000
1000
1000
1000
1000
1000
1000
1000
1000
1000
16.449770831471703
1.6170269744619206
1000
1000
1000
1000
1000
14.433386095796388
1000
1000
1000
1000
17.09412859576759
1000
1000
1000
15.882789214953139
14.897292050298187
1000
17.128100650364
1000
1000
1000
1000
1000
1000
1000
1000
1000
15.485301736979139
14.946900070139595
1000
13.913931241947497
1000
1000
17.169665842020013
1000
14.022644753158193
1000
1000
16.8135092835514
1000
1000
13.33390376127578
14.382339501092222
1.6161277704514458
1000
1000
0.0
1000
1000
16.90976077296587
1000
13.902889492028809
13.719645561137106
1000
1000
13.986281543965365
15.460165569645717
16.055313001854014
1000
16.11231439039737
1000
1000
15.26004950178109
1000
16.798842147501375
1000
15.685351016033366
0.0
16.419886632939264
1000
14.079896837698303
14.757025300050493
1000
16.747369814380217
1000
1000
1000
1000
16.051662086284118
0.0
13.910048557847986
1000
1.61551352122939
1000
14.885738143194562
15.29388635287028
0.0
16.862538467343043
14.968503367293874
17.185466675296205
1000
1000
1000
1000
1000
15.73975001010815
1000
17.22391196334102
16.61120155004634
17.44670812184419
14.01679999953209
1000
1000
15.092631384495775
14.388675205717316
14.68578179903838
15.693709068418698
16.867783989380364
16.9859183087356
1000
16.560361533605487
16.61128041712903
1000
1000
1000
3.228489835346767
16.38462517861392
1000
3.2258915297937727
1000
15.968098727607764
14.305864921252894
1000
1000
1000
15.428142358191542
1000
1.618040640153174
16.885447874194973
1000
1000
1000
1000
1.6172119206032702
1000
13.333902678370011
13.33388431131659
3.2276808605906653
13.333973243552435
16.025320048453775
1000
13.491437823193076
1000
1000
1000
14.19882263803759
0.0
1000
1000
1000
15.39294610271114
16.006018418326764
14.100274840074688
15.01570208664285
13.615745264520857
1000
1000
1000
1000
13.3342295587084
1000
1000
14.268905220263491
1000
13.509939122658047
17.396543540205304
14.36293191894319
13.924072799878239
17.201140025400605
17.32463582314219
1000
0.0
14.337056438051473
1000
15.595340110376764
14.976362478177357
1000
14.671533389298045
13.64430202791304
14.33425329533004
17.023668807865715
16.763897346414154
15.626361840126076
1000
1000
1000
16.96615700712043
13.826559759360958
1000
0.0
13.333381899077125
0.0
17.409182712454502
1000
1000
1000
0.0
1000
13.454522226845855
1000
13.737476592262524
16.856697650211586
15.753744205838702
14.33976096517023
17.418641368170388
13.333414318653121
15.116085247701864
1000
15.98743134918109
15.283112485812858
16.005239847851758
17.392313043942796
15.54462230212011
1.6192464584623811
14.701275980864976
15.382714129273381
1000
1000
16.279897702808835
1000
1000
1000
1000
1000
1000
1.6177923203619318
14.736248992049628
13.528137471317933
15.214906494984234
15.504214016542914
0.0
13.635697959371168
1000
14.673470353766298
16.12311231856455
1000
1000
1000
15.82797116927026
15.883757665876159
1000
1000
16.639549912835484
0.0
16.660095021608004
1000
17.3640945068373
1000
1000
17.202494373845166
15.091416838895253
14.80237588264634
17.290628296089654
1000
13.3337922186412
1000
15.45270275013792
14.977314399176525
1000
1000
1000
15.485169157445497
1000
16.432429597292963
1000
1000
16.85174964237487
1000
15.522448700643642
13.333797296989703
16.370762958707566
1000
14.268909813577768
14.351834506314372
14.313210755448964
16.53736001648816
13.558039655855
16.850358202502857
15.457231212677893
16.62369114167521
1.6173130899855366
0.0
17.157597167357395
0.0
1000
14.930119114064233
1000
15.908844534373
1000
15.094412261518205
14.594360277653138
1000
0.0
1000
1000
0.0
1000
14.705119757749284
16.620516839888136
15.823050784016019
16.712237294253182
17.134836428782155
1000
15.794350432365723
16.502763069586287
15.465342481405532
1000
1000
14.864299374657609
15.578237186300456
1000
1000
1000
1000
1000
14.02607587097685
1000
1000
17.384321129232568
1000
1000
13.486338831516491
15.885701413098992
14.533044756136857
1000
14.75851380185018
16.406290439980747
1000
1000
16.571403201537922
14.111426621498172
1000
15.429034122962554
1000
0.0
15.981298198590778
16.50409562577376
0.0
15.727696457214869
0.0
1.6176468765375485
1000
13.70425463526479
14.936120132382449
1000
13.511080992829367
0.0
13.800374375805635
14.86298601227281
1000
1.6183097228000072
14.81217088031059
13.334235659898303
14.284880779078957
1.6186268721079173
15.045349801002168
1000
15.590910065364065
1000
1000
14.7009948857717
15.157774824051337
0.0
1000
0.0
1000
14.608377443482375
15.869617209223833
15.499510410036716
0.0
1000
1000
1000
1000
15.765575919877634
1000
1000
1000
1000
1000
1000
14.597351555092931
1000
1000
1000
1000
14.754923335484811
1000
14.258858756866097
0.0
1000
1.616621796719948
15.551259393171927
1000
14.706081983748444
1000
16.614692243394636
1.6166257916622422
15.346994180857235
1000
14.086243271309861
15.06260241330121
16.77638766627151
1000
16.311393451775068
15.466740334223493
16.84761682394467
17.180595895118813
16.37486157268161
1000
14.113727164746109
14.75613647820061
15.606897070720912
14.983808795030015
1000
1000
13.53198206309376
13.680209208719894
15.793332609873218
14.222645706546501
1000
16.3490245486242
14.994083365008393
16.07238846212516
15.556462435893467
0.0
14.663907652096551
0.0
16.376787686687575
1000
16.333222579694443
13.333809425524672
1000
1000
0.0
15.150336315622521
14.021970264340755
14.443921150982419
0.0
1.6166010521660963
15.151510369444342
14.000622226582855
1000
17.205111868565773
15.450642257723265
1000
1000
14.5933859562093
1000
1000
13.942341036569987
1000
15.649488196759016
15.840251179485438
1000
13.334172053311006
1000
1000
1000
16.021097364409563
1000
16.456471676381028
0.0
15.08179934248394
13.90918956753072
17.186319807457146
16.699129231609216
1000
16.24630389820545
16.16558659386716
0.0
1000
14.48553760784571
1000
14.69634196393158
13.925003487822018
16.777146537710863
16.021125060861234
16.505656580222364
14.397796144003483
13.780667660220384
14.663981576043213
1000
16.349744300649384
1000
0.0
0.0
1.6186334907845386
15.130522365076384
16.782835552520012
1000
1000
14.814288508926218
16.249478147666267
14.815399574562658
15.898597151785214
15.744315155816171
14.740985298468782
15.92372640841399
1000
1000
14.268777536228699
1000
14.7052788529602
1000
1000
1000
14.930615957463612
14.55755306828297
1000
13.460213061278704
1000
1000
1000
15.82093872372911
17.315384980598672
15.07975984782238
0.0
13.333957955951856
1000
15.10605737078652
13.546679930095355
14.549915943939414
16.954458860837438
1.6176743535457037
1000
15.069621798163416
1000
1000
16.91738967079172
1000
16.021022589652013
1000
1.617505592694886
13.333576286687174
15.949267427929144
13.650836314559648
1000
16.492024882818107
15.129621667323828
1000
15.00557028910157
15.488976964116198
15.323046270648469
1000
0.0
1000
1000
14.199821458672346
15.895711298635383
1000
15.900326476615241
15.70716032733672
16.218178957475857
1000
16.003267816907403
14.84375168221034
13.463392776243666
1.6158804427819953
15.164867225207889
17.300048785933978
1000
1000
1000
1000
1000
16.797114084922406
16.399946683198742
1000
14.821053683405344
17.40359928440214
1000
1000
1000
1000
1000
1000
0.0
1000
15.090452803665709
14.86790115188712
16.10413181044738
1000
0.0
16.7814588611216
14.258922788055699
13.693103915691575
1000
16.7197193833513
16.76710268935311
16.33384077896942
15.30551489979868
15.628527838884356
14.673472919739009
1000
1000
0.0
1000
1000
13.874088372366236
1000
1000
1000
1000
13.767392504755101
16.800116696623057
1000
1000
1000
1000
1000
14.048087525423842
13.734906325692393
1000
1000
1000
14.044302322848063
16.642989485077273
14.692668853598388
13.800214164647098
14.96465930536687
13.737292207183181
1000
0.0
1000
1000
1000
14.982546575952359
1000
15.131514743971145
13.503497784086711
1000
1000
1000
14.412552922314052
15.47499240307068
15.792612453050019
1000
14.139226515389087
1000
1000
1000
14.007592070736203
14.299574060284606
1000
15.568413525049582
14.074212273882658
0.0
15.37988721905122
1000
1000
1000
15.015210700469396
14.34321668282151
1000
16.75450820250114
14.309337838964346
1000
16.600999429506842
1000
15.30629044312794
15.684829323571371
1000
16.157418747584277
0.0
1000
1000
15.299273765271693
1000
1000
13.883576261709473
15.492375658172193
0.0
15.67075383928129
1000
13.87046263970035
15.445189794955573
1000
1000
1000
1000
13.472966804657865
14.829118013196453
0.0
14.684875464703058
16.242379673660928
14.601624992635333
1000
15.056314932170096
0.0
1000
1000
1000
13.333723910146098
14.89275484794431
1000
1000
1000
1000
1000
1000
16.27235984201019
13.946774643355528
1000
15.10937468491392
1000
0.0
13.893768824163255
1000
17.208728679577376
15.153138242388696
14.768803715402894
1000
1000
0.0
14.57686177372048
14.360471744758946
14.291220040071181
14.276337959141088
1000
1000
1000
1000
14.51292975694291
1000
15.243286710482192
1000
14.447109435106887
1000
1000
14.922751729309775
0.0
1000
0.0
1000
1000
16.541315670022975
16.91772117387495
1000
0.0
1000
3.2245108240417495
13.819559476387475
0.0
1000
13.512446456432599
16.472794947450993
14.69801715373546
14.3012369666654
14.742827431553522
1000
16.999476107513992
14.045959469712301
1000
0.0
14.63653921642187
13.965216470516264
1000
1000
16.215437299314978
1000
16.83522249072615
1000
1000
14.15231937070353
16.68896420248494
15.36297220761595
1000
1000
1000
15.790020332797473
0.0
14.316703961010637
1.6146696945215098
13.93198358793255
1000
1000
15.605378786685101
1000
15.43974318007777
1000
1000
13.33390174123857
1.618185676717752
1000
1000
15.54285438369035
14.971250995014977
14.180243961523297
0.0
16.016478344869554
13.717001666534607
1000
17.048067848750243
1000
1000
14.19462036228989
1000
13.61278852665055
14.530668866836706
13.658590054775786
15.66435992612635
16.596046435955067
17.300480084922594
1000
1000
0.0
13.926021146959942
1000
15.948648866395345
0.0
1000
16.31192727893719
1000
1.6172079956241503
14.523025773240434
0.0
1000
1000
14.29978538557393
14.516227790496469
1000
15.369915105615368
1.6193169330934531
14.972893762587733
16.166944842988883
16.22309543335569
1000
17.39368360990967
1000
14.674927593337944
16.10257996368611
1000
15.820498514914451
15.193071221164473
16.881293862732836
13.484432827949977
15.466734837372456
1000
17.272998267505578
15.810899512888717
1000
13.930735456943893
17.442764993970236
1000
13.922937661616553
0.0
13.975636979053654
1000
13.692119936000983
1000
17.190796288433116
1000
16.59104998381905
16.080756373895536
14.223750780947503
0.0
0.0
1000
1000
1000
1000
17.110299099537045
1000
15.410626972727432
1000
16.6058131081304
16.13021471755012
14.901318174968129
1000
17.376182263083706
14.291819184453267
1000
14.240880062667916
1000
14.418218225927713
15.355968104755728
1000
0.0
16.263704257915258
1000
16.788357466548444
13.745447546099498
16.681588222955924
14.598479650884363
15.754681060577965
1000
1000
16.87118346539853
1000
13.818509933913692
16.59802883152768
14.767858445200542
16.91624704655859
15.079038602248378
15.656058918746108
0.0
1000
15.600486807266098
16.551643555348186
0.0
17.213110864726637
16.61821874132107
1000
16.299973226392844
16.958615368678277
15.471748258635856
17.105734345432946
16.96622461214854
16.6868737901671
1000
1000
14.103389531244044
14.183902248633064
17.060358688611107
1000
15.40798979320747
1000
1000
16.574467020594195
1000
13.594493495893374
15.932385950757972
14.358241753670901
16.166941325365876
17.00846893305643
1000
1000
15.310304373042836
0.0
0.0
1000
13.599805243463436
1000
3.2234087032483014
1000
1000
17.432365221517244
1000
16.847426187104254
1000
14.57267704451368
1000
1000
0.0
0.0
1000
16.633548484547383
17.382267733796628
0.0
0.0
1000
15.488364498499806
1000
1.6185419429001322
1000
15.165566940134713
13.850203102537836
14.944334007005828
1.616732309109584
1000
0.0
15.671445699490476
16.663136788927023
1000
0.0
15.10369198668086
16.53932303052335
16.81620960083578
1.6151494550293568
1000
14.566109665530124
13.776941750162354
0.0
1000
0.0
1000
1000
1000
16.03924435982252
1.6143799067640667
1000
1.6183830644125312
1000
1000
14.793683927379625
17.09745408204364
13.334278826347653
16.012975302106838
1000
16.15008080046499
0.0
15.055938646668668
0.0
1000
0.0
1000
0.0
0.0
0.0
13.49944975693651
1000
16.943323065372873
1000
14.613223706478335
1000
0.0
1000
15.80662737592366
1.6161850818326868
13.33369762184789
1000
1000
1.6183132259846276
14.222381168116584
1000
16.868634316675383
13.333925922142317
0.0
1000
14.477323794469774
1.6182398682484038
0.0
15.54290356108936
15.426688350052942
1000
0.0
0.0
1000
1000
1000
14.845241417890037
15.593943335266669
1000
1000
13.333595959568804
1000
13.45443126934676
16.511859472993244
1000
0.0
0.0
1000
16.936295947362787
0.0
15.343780927186476
1000
1000
0.0
1000
1000
15.405040719835148
0.0
14.189363016578826
0.0
16.626345149834616
1000
13.333557636896806
0.0
13.588379547552567
1.6165394139297946
16.870566714411098
0.0
0.0
0.0
14.904999784254109
0.0
1.6175399493330298
0.0
0.0
1.6159545142595713
13.680349121174135
15.235893588589857
1000
1000
0.0
15.917575852367534
0.0
14.28361518265147
1000
1.6196320078735051
14.641436483205773
0.0
15.444786453808828
1.6171948116679782
13.550712859449664
15.5135424815753
13.489586480149068
16.337198764195527
1000
15.881272770621713
0.0
16.541911484770058
1000
0.0
1000
16.417510470836454
1000
1000
1000
1000
0.0
13.92574019553461
13.551570352724053
13.333387825596244
1000
1000
15.534698190837911
1.617517814335161
15.77815716583098
1000
0.0
1000
1.617277286661744
15.613669474795135
0.0
13.84474808571225
0.0
15.57720974224036
1000
15.069636157706451
13.849232897060935
1000
15.117723065477602
0.0
16.244325758950254
0.0
14.25190075312858
15.771044394289916
14.127086186030096
3.227428039598827
16.328006772461592
14.32142026022672
13.854710046185664
17.03417525781716
14.922835707623623
0.0
17.352397452673912
1.6190538366723874
17.142416392232196
16.151627192934747
0.0
0.0
17.30194294500862
1000
15.566056656644154
1000
1000
1.6158127417537185
0.0
15.160351228098198
0.0
0.0
1000
15.583546606489033
14.504817811486447
1.6172921132209856
14.58733285841788
0.0
1000
0.0
1000
13.855068526651667
13.333368405561846
0.0
0.0
1000
13.89915681117381
1000
1000
16.367612433891594
14.964847881681965
0.0
1.6161116495285288
15.854382441520233
1000
13.792816614990649
0.0
16.170680678728232
1000
1000
0.0
0.0
1000
0.0
1.6159160336304188
0.0
14.951854974215617
14.156638838301019
17.06248301846445
14.034587137665389
1000
13.531464165080706
14.675920722993663
1000
1000
1000
15.427809661027464
1.6161410101461748
1000
14.251022558026637
1.6179789741340962
1000
14.317501184138028
16.183050632732623
0.0
1000
1000
14.576310893022654
1000
0.0
0.0
15.06193949025942
1000
1000
1000
15.869392432758602
15.431110944701022
1000
1000
0.0
1000
1000
14.240430462600475
13.86600507357305
0.0
1000
1000
16.835266193948975
16.55957755415493
17.460755636465308
0.0
1000
1000
1000
0.0
1000
1000
0.0
1000
15.328187094971781
1000
16.855354901932223
15.8131125867294
1000
16.531988877250463
14.321450688861592
17.034482849953218
16.45885538264529
16.90450287133114
0.0
16.76953332829376
15.592196310578855
0.0
17.304469401673224
1000
14.594826370821115
1.6178574792389024
0.0
14.087937723487407
0.0
16.31209521238851
0.0
0.0
1000
0.0
1000
13.781498591094497
1000
0.0
13.467332993237653
3.2252003085873255
0.0
1000
1000
1.6178025429333287
0.0
15.755928477700738
15.574483380097533
15.557286255831912
17.39372569911798
1000
1000
16.696101873639677
1000
0.0
0.0
0.0
1000
16.29566880950077
3.2245450628613943
16.432440843971158
15.256267491643218
1000
1000
0.0
14.617124422472973
1.6160796676762614
14.443304435090607
0.0
15.262391597729959
0.0
0.0
14.690759420811979
15.05953735052893
16.022624540687232
0.0
13.333788848571865
0.0
14.240192656554017
1000
0.0
0.0
1000
0.0
14.473585057375786
1.619300280825597
17.0711922060025
0.0
0.0
1000
1000
14.086365336976318
16.804973917379115
14.78983826457804
15.08200964365912
17.22237011636946
1000
16.87537944807424
0.0
1000
0.0
0.0
13.33373585419197
0.0
15.091721303829738
1000
16.089419110090418
1.61696510346112
0.0
1.616425527558699
1.6165731734088853
13.492189404058848
1000
1000
15.675207220550075
13.895502661699817
0.0
1000
1000
16.13016408168145
1000
0.0
15.781770997971048
16.29640230604868
14.17749864940627
0.0
17.34293586866547
13.333342714272298
1000
0.0
0.0
0.0
1000
1000
1000
1000
1000
16.286851646946513
15.599176612977473
13.83264762460838
15.719861051312023
14.93526597780538
1.6165913095250715
0.0
15.327006629919872
1000
1000
0.0
1000
1.6152317717779003
0.0
1000
13.333731513655156
0.0
13.334281363131492
0.0
17.052984067801376
0.0
1000
15.571802927279649
3.2247506184263597
15.005157608045499
