1000
1000
1000
1000
1000
1000
1000
1000
1000
1000
1000
1000
1000
1000
1000
1000
1000
1000
1000
1000
1000
0.17719398308809828
1000
1000
1000
1000
1000
1000
1000
1000
1000
1000
1000
1000
0.34797991069814016
1000
1000
1000
1000
1000
1000
1000
1000
1000
1000
1000
1000
0.3472338123711323
1000
0.1769753138953249
1000
1000
1000
1000
0.3479921862393284
1000
0.3446641168894602
1000
1000
1000
1000
1000
1000
1000
1000
1000
1000
1000
1000
1000
1000
0.17726141870514403
1000
0.17914070174442026
1000
1000
1000
1000
1000
1000
1000
1000
1000
1000
1000
1000
1000
0.3450292017356401
1000
1000
1000
1000
1000
1000
1000
1000
1000
1000
0.17662470774882758
1000
1000
1000
1000
1000
1000
0.3434486796068827
1000
1000
1000
1000
1000
1000
1000
1000
1000
1000
1000
1000
1000
1000
1000
0.3436415120941591
1000
1000
1000
1000
1000
1000
1000
1000
1000
1000
1000
1000
1000
1000
1000
1000
1000
1000
1000
1000
0.34130577920985083
1000
0.3493635117774794
1000
0.3416477164149448
1000
0.17813183305240998
1000
1000
1000
1000
1000
1000
0.17551465853229928
0.17605781446687233
0.3459506206228352
1000
1000
1000
0.1760543150252387
1000
1000
1000
0.3428461497224662
0.3467639436097245
1000
1000
0.3496104204402501
0.34716771739390245
1000
1000
1000
1000
1000
1000
1000
1000
1000
1000
1000
1000
1000
1000
1000
1000
0.3439787328363591
0.34704680609634986
1000
0.17897731456309962
1000
1000
1000
1000
1000
1000
0.1754335762537238
1000
0.3454503969082479
1000
1000
1000
1000
1000
1000
1000
1000
1000
1000
1000
1000
1000
1000
1000
0.34637233639311277
1000
1000
1000
1000
1000
1000
1000
1000
1000
1000
1000
1000
1000
1000
0.17661599504612582
1000
1000
1000
0.34339113944429034
1000
1000
1000
1000
1000
1000
1000
1000
1000
1000
1000
0.3464588220267748
1000
1000
1000
1000
1000
1000
0.3461945570916183
0.3481712786895392
1000
1000
0.3459776861701309
1000
1000
1000
1000
1000
1000
1000
1000
1000
1000
1000
1000
0.1783587948247685
1000
1000
1000
1000
1000
0.34597397852684536
1000
1000
1000
1000
1000
1000
1000
1000
1000
1000
1000
1000
1000
1000
1000
1000
1000
1000
1000
1000
1000
1000
1000
1000
1000
1000
1000
1000
1000
1000
1000
0.17682412440290582
1000
1000
1000
1000
1000
1000
0.34728540501010885
1000
1000
1000
1000
0.3486661107256106
0.17709492741968713
0.3498219208459551
1000
1000
1000
1000
0.1780787511568209
1000
1000
1000
1000
1000
1000
0.34287734611187537
1000
1000
1000
1000
0.345395199802615
1000
1000
1000
1000
1000
1000
1000
1000
1000
1000
1000
1000
1000
1000
1000
1000
1000
1000
1000
1000
1000
0.34328104411173926
1000
1000
1000
1000
1000
0.344940879449612
1000
1000
1000
1000
1000
1000
1000
1000
1000
1000
1000
1000
1000
0.34535257062417885
1000
1000
1000
1000
1000
1000
1000
0.34585509273930215
1000
1000
1000
0.3456166546013535
1000
1000
0.3452356477661261
1000
0.3461910998257089
1000
1000
1000
1000
0.34560210476543257
1000
0.3481520373966099
0.3482392300065856
1000
1000
1000
1000
1000
1000
1000
1000
1000
1000
1000
0.3448572466614428
0.17546923387669974
1000
0.17903424361354248
0.34883414338778684
1000
1000
1000
0.34669876727011073
1000
1000
1000
1000
1000
1000
1000
1000
1000
1000
1000
1000
0.34695723774260134
1000
1000
1000
1000
1000
1000
1000
0.1778641060593625
1000
1000
1000
1000
1000
1000
1000
1000
1000
0.345795220087473
1000
1000
1000
1000
1000
1000
1000
1000
1000
1000
1000
1000
1000
1000
1000
1000
0.34564706042477344
0.3493472841825016
1000
1000
1000
1000
1000
1000
1000
1000
1000
1000
1000
1000
1000
1000
1000
1000
1000
1000
1000
1000
0.34627168769591093
0.34286053599103994
0.34727675040392997
1000
1000
1000
0.3475357064498834
1000
0.34687209018607
1000
0.17585006035064907
1000
0.3464472008550473
1000
1000
0.3436181757678717
1000
1000
1000
1000
1000
1000
1000
1000
1000
1000
1000
1000
1000
0.1776486876496689
1000
1000
1000
0.3414126467633914
0.34848021551355013
1000
1000
1000
1000
1000
1000
1000
1000
0.1762141883819724
1000
1000
1000
0.17824506778731286
1000
0.3497481206956561
1000
1000
0.3464400327779738
0.3421831009560946
1000
1000
1000
1000
1000
0.17801760486148985
1000
1000
1000
1000
0.3444960962155373
1000
1000
1000
1000
1000
0.3483548152598825
1000
1000
0.34603156866243734
1000
0.3446166749247768
1000
1000
1000
1000
0.3452216164468186
1000
1000
1000
1000
1000
1000
1000
1000
1000
0.3444833425902767
1000
1000
1000
1000
1000
1000
1000
1000
1000
0.34845205692649206
1000
1000
1000
1000
1000
0.3462979909736406
0.3446707773952481
1000
1000
1000
1000
1000
1000
1000
1000
1000
0.34214328239926706
1000
0.17906722810122544
1000
1000
1000
1000
1000
0.17519634552719243
1000
1000
0.3439817761049633
1000
1000
1000
1000
1000
1000
1000
1000
1000
1000
1000
1000
1000
0.17446322994207075
1000
1000
1000
1000
1000
0.349002791583824
1000
1000
1000
1000
1000
1000
1000
1000
1000
1000
1000
1000
1000
1000
1000
1000
1000
1000
1000
1000
1000
1000
1000
1000
1000
1000
1000
0.3483977453907777
0.34718723457302136
0.34464337238681764
1000
1000
1000
1000
1000
1000
1000
1000
1000
1000
1000
1000
1000
1000
1000
1000
1000
1000
0.34548438939876736
1000
1000
1000
1000
1000
1000
1000
1000
1000
1000
1000
1000
1000
1000
1000
1000
1000
0.3450983457605382
1000
1000
1000
1000
1000
1000
1000
0.17587967113663885
1000
1000
1000
1000
1000
1000
0.3448000384875948
1000
0.34274981507005536
1000
1000
1000
1000
0.3423843948513549
1000
1000
1000
1000
1000
1000
1000
1000
1000
1000
0.17699949559979722
1000
1000
1000
1000
1000
1000
1000
1000
1000
1000
1000
1000
1000
1000
0.3477028264613344
1000
1000
1000
0.17855520824799517
1000
1000
0.3432611207160396
1000
1000
1000
1000
1000
1000
1000
1000
0.3475350725407978
1000
1000
1000
1000
1000
1000
1000
1000
1000
0.34671854051527473
1000
1000
1000
1000
0.34544487356498504
1000
1000
1000
1000
1000
1000
1000
0.34563705596047894
1000
1000
1000
1000
0.34265528728465716
1000
1000
1000
0.343604494578826
1000
1000
1000
1000
1000
1000
1000
0.345017093440612
0.3450208573592257
1000
1000
1000
1000
0.17774967377831252
1000
1000
1000
0.349300055454302
1000
1000
1000
1000
1000
1000
1000
1000
0.1757089984664626
1000
1000
1000
1000
1000
1000
0.17908603251031757
1000
1000
0.17436765462733908
0.1784795507760897
1000
1000
1000
1000
1000
1000
1000
0.34415663950448644
1000
1000
1000
1000
1000
1000
1000
1000
1000
1000
1000
1000
1000
1000
1000
1000
1000
1000
1000
0.3454235148030172
1000
0.3443619233181096
0.34279148528485764
1000
1000
1000
1000
1000
1000
1000
1000
1000
1000
1000
1000
1000
1000
0.3430445138491665
1000
1000
1000
1000
1000
1000
1000
1000
1000
1000
1000
1000
1000
1000
1000
1000
1000
1000
1000
1000
1000
1000
1000
1000
1000
1000
1000
1000
1000
0.34485400925848136
1000
1000
1000
1000
0.34770772659041516
1000
0.17742263068437017
1000
1000
1000
1000
0.3431557476376037
1000
1000
1000
0.3425837999173736
0.34267234278423037
1000
1000
1000
1000
1000
1000
1000
1000
1000
1000
1000
1000
1000
0.17636093690342575
1000
1000
1000
0.3462246845092224
0.17549682764515415
1000
1000
1000
1000
1000
1000
1000
1000
1000
0.34568940682252247
1000
0.3444626236432162
1000
1000
0.17619645405684992
1000
1000
1000
1000
0.34205674683777715
1000
1000
0.0
0.3459575394845321
0.1769009596615839
0.0
0.3442130644284838
1000
1000
1000
1000
1000
1000
1000
1000
1000
1000
1000
0.34247666045880387
1000
1000
1000
0.3450499261341846
1000
1000
1000
0.34653448047369595
1000
1000
1000
1000
1000
1000
1000
1000
0.17873645725530363
0.34651118920236823
1000
1000
1000
0.3439943379395898
1000
0.34673810165770635
1000
0.3490649802068236
1000
1000
1000
1000
0.3466452967850762
0.34836927946294033
0.17610940580262693
1000
1000
1000
1000
1000
1000
1000
0.34710481587753395
0.176817159491004
1000
1000
1000
1000
1000
1000
1000
1000
1000
1000
1000
1000
1.3340841618453072
1000
1000
1000
1000
1000
1000
0.17663142161108153
1000
1000
1000
1000
1000
1000
1000
1000
1000
1000
1000
0.3437593080731538
1000
0.1788879449895334
0.34505721504413434
0.3464856282494655
1000
1000
1000
1000
1000
1000
1000
1000
0.3487205629883522
1000
1000
1000
0.34754364608265076
1000
0.3490438118216366
1000
1000
1000
1000
1000
1000
0.17606431571232517
1000
1000
1000
0.3422750567285465
1000
1000
1000
1000
1000
1000
0.3476076038303537
1000
1000
1000
1000
1000
1000
1000
1000
0.34469465552635264
1000
1000
0.3491593571071151
1000
1000
0.34475854846433074
1000
0.1782929027946952
1000
1000
1000
1000
1000
0.34279536912215414
1000
1000
1000
1000
1000
1000
1000
1000
1000
0.1773561326729804
0.17765544203579428
1000
1000
1000
1000
1000
1000
0.3444023236902263
0.34744258728334815
1000
1000
1000
0.3480396520401777
1000
0.17769238007253363
1000
1000
1000
0.0
0.34188624623524977
1000
1000
1000
1000
1000
1000
1000
1000
1000
1000
1000
1000
1000
1000
1000
1000
1000
0.34644291436100005
1000
1000
1000
0.3464892604744343
1000
1000
1000
1000
0.0
1000
1000
1000
1000
0.3431075314833756
1000
1000
1000
1000
1000
1000
1000
1.33358702743943
1000
0.3459526085508336
1000
1000
0.34650425169666044
1000
1000
1000
1000
1000
1000
0.17862601757166968
0.34376886490616276
1000
1000
1000
1000
0.17491443124193834
1000
1000
1000
1000
1000
1000
1000
1000
1000
1000
1000
1000
0.3427678746500026
0.17631622307315392
1000
1000
0.17745631087265817
1000
1000
1000
1000
0.3464869022530484
1000
1000
1000
0.3483338450808926
0.3427311688619435
1000
1000
0.1765064983782625
1000
1000
1000
1000
1000
1000
1000
1000
1000
1000
1.333939005725711
1000
1000
1000
1000
1000
1000
1000
1000
1000
1000
1000
1000
1000
1.3335206262746457
1000
1000
1000
1000
1000
1000
1000
0.34463542757650295
1000
1000
1000
1000
1000
1000
0.17827718578297216
1000
1000
1000
1000
1000
0.17920086483505798
1000
1000
1000
1000
1000
1000
1000
1000
1000
1000
1000
0.345618856778688
1000
1000
1000
1000
1000
1000
1000
0.34355617575246084
1000
1000
1000
1000
0.3424540814359076
1000
1000
1000
1000
1.3342163085403023
0.3437661076309458
1000
1000
1000
1000
0.3436846444260029
1000
1000
1000
1000
1000
1000
1000
0.17827186855872199
1000
1000
1000
1000
1000
1000
0.3466055459581546
0.17794944836523452
1000
1000
1000
0.3455499160021504
1000
1000
0.34562208417563045
1000
1000
1000
1000
1000
1000
0.3479023238654194
1000
1000
1000
1000
1000
1000
1000
1000
0.17474096146814658
1000
1000
1000
0.17682656193330296
1000
1000
1000
0.343663818401321
1000
1000
0.3484441420449034
1000
1000
1000
1000
0.3450497161081106
1000
0.3485640425256459
1000
0.34578148662995656
1000
1000
1000
1000
1000
1000
1000
1000
1000
1000
0.34251238605181467
1000
1000
1000
0.34810000993447987
0.3420274634374412
1000
1000
1000
0.3432059612232684
0.34335836919610613
1000
1000
1000
1000
1000
1000
1000
1000
1000
1000
1000
0.0
1000
1000
1000
1000
1000
1000
0.34601749946243876
0.3433450585114679
1000
1000
1000
1000
0.34700587073562594
1000
0.0
1000
0.34361929355752946
1000
1000
1000
1000
1000
0.34435663290926805
1000
0.1780881418366293
1000
1000
1000
1000
1000
1000
1000
1000
1000
1000
1000
1000
0.17485029595055598
1000
1000
1000
1000
0.3465523193896086
0.17536952592233643
1000
1000
1000
1000
1000
1000
0.346665614671295
0.34346533809426305
1000
1000
1.3340220552623765
1000
1000
1000
0.34295990872046983
1000
1000
1000
1000
1000
1000
1000
1000
1000
1000
1000
1000
0.3485425414108523
1000
1000
1000
0.34228782292498006
1000
1000
1000
1000
1000
1000
0.17857751795033278
1000
1000
1000
1000
1000
1000
1000
0.17787399226617304
1000
0.34305121848829945
1000
1000
1000
1000
1000
1000
1000
1000
0.0
0.345049533882155
1000
1000
1000
1000
1000
0.1787575288956582
0.34789658735068496
1000
1000
0.346919666198276
1000
1000
0.0
1000
0.34773648933861456
0.3462909365102573
1000
1000
1000
0.34573406524251615
0.0
1000
1000
1000
1000
1000
0.3442277399765411
1000
1000
1000
1000
1000
1000
1000
0.0
1000
0.3465205644851885
1000
1000
1000
1000
1000
1000
1000
1000
1000
1000
1000
0.3451135297824688
1000
1000
1000
0.34834313150296636
0.0
1000
1000
1000
1000
1000
1000
1000
1000
0.34253247495220435
1000
1000
1000
1000
1000
0.0
1000
0.345197439646363
1000
0.3438993157884834
1000
1000
1000
1000
1000
1000
1000
1000
1000
1000
0.17779873061784598
1000
1.3343151906544786
1000
1000
1000
1000
1000
1000
0.34385178666075206
0.34733023712144173
0.3447183746435241
1000
1000
1000
0.3435109738773541
0.34752350966631274
1000
1000
1000
1000
1000
1000
1000
1000
1000
1000
1000
1000
1000
1000
1000
1000
1000
1000
1000
1000
1000
0.3477851660876553
0.0
1000
1000
1000
1000
1000
0.34557397280218893
1000
1000
1000
1000
1000
1000
0.175016322302691
1000
0.3449586814731893
1000
1000
0.3444157497660273
1000
1000
1000
1000
0.3444664030245219
0.34670058823551253
1000
1000
1000
1000
1000
1000
1000
1.333717528769125
0.348466352065469
1000
0.34689163010477925
1000
1000
1000
0.3450836425467156
1000
1000
1000
1000
1000
1000
1000
1000
1000
1000
0.17715503017999198
1000
1000
1000
1000
0.17704577450783437
0.3481494139371568
1000
0.34514806584095364
1000
1000
1000
0.34269425000230525
1000
1000
1000
1000
1000
1000
1000
1000
1000
1000
1000
0.17670669795866015
1000
1000
1000
1000
1000
1000
1000
1000
1000
1000
0.0
0.3438197511668265
1000
0.34746677519046565
0.34210686567903137
1000
1000
1000
1000
0.3486639315410101
1000
1000
1000
0.3489801028826058
1000
1000
1000
1000
0.34351210784507824
1000
1000
0.3457811568654652
1000
1000
1000
1000
1000
1000
1000
1000
1000
1000
1000
1000
1000
1000
1000
0.3442203603131662
1000
1000
1000
1000
1000
1000
0.34130336691785684
0.3450429442999652
1000
1000
1000
0.17961505491980245
1000
1000
1000
1000
1000
1000
1000
0.17713117083534405
1000
1000
1000
0.17600652899743202
1000
1000
1000
1000
1000
1000
1000
1000
1000
0.3453548738977026
1000
1000
1000
0.3457101713845567
1000
1000
1000
1000
1000
0.0
0.34643975395372034
0.0
1000
1000
1000
1000
1000
1000
1000
1000
0.0
1000
1000
1000
1000
1.3340197991736416
1000
0.34447991559173047
1000
1000
1000
1000
1000
0.0
1000
1000
1000
1000
1000
1000
1000
1000
1000
1000
1000
0.3463303763355254
1000
1000
1000
1000
1000
1000
1000
1000
1000
1000
0.347262932355198
1000
0.17580481718489385
1000
1000
1000
1000
1000
1000
1000
0.0
1000
1000
1000
1000
1000
1000
1000
1000
1000
1000
1000
1000
1000
1000
1.334275389631723
1000
1000
1000
1000
0.34910065220375697
1000
1000
1000
1000
1000
1000
1000
1000
0.3471613497250455
1000
1000
1000
0.34553491860986685
1000
1000
1000
1000
1000
1000
1000
1000
1000
1000
1000
0.17917093444966345
0.3446459446038816
1000
1000
1000
1000
1000
1000
1000
1000
1000
0.17476257084108612
1000
0.34528051760199563
1000
0.3449237825333465
1000
1000
1000
1000
0.0
1000
1000
1000
1000
0.0
1000
1000
1000
1000
1000
1000
1000
0.34494975802963285
1000
1000
1000
1000
1000
1000
1000
1000
1000
0.0
1000
1000
0.34133168283655835
1000
1000
0.1786123519612021
1000
0.34446994448561713
1000
1000
1000
1000
1000
0.17552431274168154
1000
1000
1000
1000
1000
1000
1000
1000
0.0
1000
1000
1000
1000
1000
1000
1000
1000
1000
1000
1000
1000
1000
0.0
1000
1000
1000
1000
1000
1000
1000
1000
1000
1000
1000
1000
1000
1000
1000
1000
1.3338521669172188
1000
1000
1000
1000
1000
1000
1000
1000
1000
1000
1000
1000
1000
1000
1000
1000
0.34793412367864074
0.34157008899351166
1000
1000
1000
0.0
0.0
1000
1000
1000
1000
1000
0.34534981161177336
1000
1000
1000
1000
1000
1000
1000
1000
1000
1000
1000
1000
1.3334721768390716
1000
1000
1000
1000
1000
1000
1000
1000
0.0
1000
1000
1000
1000
1000
0.34707411679228545
1000
1000
1000
1000
1000
0.3471155736623653
1000
1000
0.0
0.0
1000
1000
1000
1000
1000
1000
1000
1000
0.34564604976568897
1000
0.0
1000
1000
1000
1000
1000
1000
1000
1000
1000
1000
1000
1000
1000
1000
1000
1000
1000
0.3424629476130965
1000
1000
1000
1000
1000
1000
1000
1000
1000
0.3443687023149208
1000
1000
1000
0.1757341449040958
1000
1000
1000
0.0
1000
1000
1000
1000
1000
1000
1000
1000
1000
0.17803615638701945
0.3457948407728252
0.17894844865972187
0.34663610471833306
1000
1000
1000
1000
1000
1000
1000
0.34414361206895694
1000
0.3476782263856839
1000
1.33374015606144
1000
1000
0.34238108606374723
1000
1000
0.3440598836007073
1000
0.3417150857719871
1000
1000
1000
1000
1000
0.0
1000
1000
1000
1000
1000
1000
1000
1000
1000
1000
1000
0.349652561186161
0.17643612485540824
1000
1000
0.344778573393236
1000
1000
1000
1000
1000
0.17705610753946877
1000
1000
0.17753296260727788
1000
1000
1000
1000
1000
0.34665956464668835
1000
1000
0.34331709803966054
1000
0.3437900244075227
1000
1000
1000
1000
0.3428244446098092
1000
0.0
0.0
0.1773913056589706
1000
1000
1000
1000
1000
0.34561480858137367
1000
1000
1000
1000
1000
0.34616571370739996
1000
1000
1000
1000
1000
1000
1000
0.176556777489665
1000
1000
1000
1000
1000
0.34505211693674087
1000
0.17574512601425868
1000
1000
1000
1000
1000
0.0
1000
1000
1000
0.3428132817274394
1000
0.34268055620714016
1000
1000
1000
1000
1000
1.3337655885785649
0.0
1000
1000
1000
1000
0.3429271171563908
1000
1000
1000
1000
0.34514386173175077
1000
1000
1000
1000
1000
1000
1000
1000
1000
1000
1000
1000
1000
1000
1000
1000
1000
1000
0.0
1000
1000
1000
0.0
1000
1000
0.0
0.0
0.34419612118105664
1000
0.0
1000
1000
1000
1000
1000
1000
0.0
1000
1000
1000
1000
0.3450950120264628
1000
1000
1000
0.34593433603786644
1000
1000
1000
1000
0.3493310331215822
0.3445725072331629
1000
1000
0.0
1000
1000
1000
1000
1000
0.34348081121357726
1000
0.34222394619258384
1000
1000
1000
1000
0.34588631280532856
1000
0.34272000002550423
0.34720428912170936
1000
1000
1000
1000
1000
1000
1000
1000
1000
1000
1000
0.0
1000
1000
0.34854869585230475
1000
1000
1000
1000
1000
1000
0.1757863946320293
1000
1000
1000
1000
1000
1000
1000
1000
1000
1000
1000
1000
1000
1000
1000
1000
1000
0.0
1000
1000
0.34640033721406954
0.3459422081209963
1000
1000
1000
1000
1000
1.3335057301482574
1.333723057586728
1000
1000
1000
0.3470695196180634
1000
1000
1000
0.0
1000
1000
0.3433255670531504
1000
1000
1000
1000
1000
1000
0.3475746977740432
1000
1000
1000
0.34618498043524537
0.0
1000
1000
1000
0.0
1000
1000
1000
0.0
1000
1000
1000
1000
1000
1000
1000
0.0
1000
0.0
1000
1000
1000
0.3444384339357117
1000
0.3463263486330968
1000
1000
1000
1000
0.345566396104403
1000
1000
1000
1000
0.34535915502955905
1000
1000
0.0
0.3425434352104729
0.0
1000
1000
1000
1000
1000
1000
1000
1000
1000
1.3340045033625711
1000
0.34413774534133795
1000
1000
1000
1000
1000
1000
1000
1000
1000
1000
1000
1000
0.17460293104691724
1000
1000
0.34675193735144066
1000
1000
1000
1000
1000
1000
1000
1000
1000
1000
0.3436764093579015
1000
1000
1000
1000
0.345612271470284
1000
1000
1000
1000
1000
1000
1000
1000
0.34723267887732046
1000
1000
1000
1000
1000
1000
1000
1000
1000
0.34604943105813907
0.3461537613657453
1000
1000
1000
1000
1000
1000
1000
1000
1000
1000
1000
1000
1000
1000
1000
0.3489950839502367
1000
1000
1000
0.17536295336763202
1000
1000
0.0
1000
1000
1000
1000
1000
1000
1000
0.3467575139104871
1000
0.344641768177586
1000
1000
1000
1000
1000
1000
1000
1000
1000
1000
1000
1000
1000
0.3436306934220547
0.0
1000
1000
1000
1000
1000
1000
1000
1000
1000
1000
1000
1000
1000
1000
1000
1000
1000
1000
1000
0.0
0.177171078824483
1000
1000
1000
1000
1000
1000
1000
1000
0.3420670793711107
1000
1000
1000
1000
0.34440564559594516
1000
0.3458358471002549
1000
1000
1000
1000
1000
1000
1000
1000
1000
1000
1000
1000
1000
1000
1000
1000
0.34372454647875716
1000
0.3425842578493427
1000
0.1759753656334637
1000
1000
1000
1000
1000
1000
1000
1000
1000
1000
1000
1000
1000
1000
0.3427432124752289
1000
1000
1000
1000
1000
1000
0.34703769890454794
0.34674331117514284
0.0
1000
1000
1000
0.34768797272036905
1000
1000
1000
1000
0.3423499024902399
1000
1000
1000
0.0
1000
1000
0.34323674014099625
1000
0.3424534561952789
1000
1000
1000
0.3452819342412626
1000
1000
1000
1000
1000
1000
1000
0.17938478471331865
1000
0.17541459280635766
0.3433830240422717
0.3484709098918519
1000
1000
1000
1000
1000
1000
1000
1000
1000
1.3335371581231228
1000
0.0
1000
1000
1000
0.3464885546125737
1000
1000
1000
1000
1000
1000
1000
1000
1000
1000
1000
1000
1000
1000
1000
1000
1000
1000
1000
1000
1000
1000
1000
1000
1000
1000
1000
1000
1000
0.34338144013141186
1000
0.3433781097560003
1000
1000
1000
1000
1000
1000
1000
1000
1000
1000
1000
1000
0.3462641956578049
1000
0.34371111502360624
1000
0.0
1000
1000
0.17888193318424567
1000
1000
1000
1000
1000
1000
0.3487436475659615
1000
1000
1000
1000
1000
1.3342036237744619
1000
0.3484618706611963
0.0
1000
1000
0.3467251003757369
1000
0.17787020664716777
0.17972479664086266
0.0
1000
1000
0.3425333233620362
1000
1000
1000
1000
1000
0.34658596483952275
1000
1000
1000
1000
1000
1000
1000
1000
1000
0.34853513197611985
1000
0.0
1000
1000
0.34797415300539625
1000
1000
1000
1000
1000
1000
1000
1000
1000
1000
1000
1000
0.17479972339399277
1000
0.34774879064152586
1000
1.333379690409689
1000
1000
1000
1000
1000
1000
1000
1000
1000
1000
1000
1000
1000
1000
1000
1000
1000
1.3336405793206114
0.17668757573301389
1000
1000
1000
1000
1000
1000
1000
1000
1000
1000
1000
0.34874997788717743
1000
1000
1000
1000
1000
1000
1000
1000
1000
1000
0.17829218331808358
1000
0.17657540915091013
1000
1000
1000
1000
1000
1000
1000
1000
1000
1000
1000
1000
1000
0.17852707476184532
1000
1000
0.3441176942486948
1000
1000
0.17664735165236023
1000
0.3471783487948502
1000
1000
1000
1000
1000
0.1767240390762806
1000
1000
0.3474792935309818
1000
1000
1000
1000
1000
1000
1000
1000
0.34449016119815584
1000
1000
1.3337313524758003
1000
1000
1000
1000
0.17671821963813117
1000
1000
0.0
1000
1000
1000
1000
1000
1000
1000
1000
1000
1000
1000
1000
1000
1000
1000
1000
1000
1000
1000
1000
0.34205205789970233
1000
0.0
1000
1000
1000
1000
1000
1000
1000
1000
1000
1000
0.0
1000
1000
1000
1000
1000
0.34306018347363126
1000
1000
1000
1000
1000
1000
1000
1000
1000
0.17537607438342845
1000
1000
1000
1000
1000
1000
0.3470484591065033
1000
1000
1000
1000
1000
1000
1000
0.3486559690644968
1000
1000
1000
1000
1000
1000
1.334132751813029
1000
1000
1000
1000
1000
1000
1000
1000
1000
1000
0.0
1000
1000
1000
1000
1000
1000
1000
1000
0.0
1000
1000
0.17918760689688992
1000
1000
1000
1000
1000
0.17665560377758957
0.0
1000
1000
1000
1000
1000
1000
0.17752537282547062
1000
1000
0.3455145833943932
1000
1000
1000
1000
0.3455399469381363
1000
1000
1000
1000
1000
1000
1000
1000
1000
1000
1000
1000
0.3496527529481394
1000
1000
1000
1000
1000
1000
1000
1000
1000
1000
1000
1000
1000
1000
1000
1000
1000
1000
0.34613819485558905
1000
1000
1000
0.3481673099323592
1000
1000
1000
1000
1000
1000
1000
1000
0.1770056213115595
1000
1000
1000
1000
0.34748137967707443
1000
1000
1000
1000
1000
1000
1000
1000
1000
1000
1000
1000
1000
1000
1000
1000
1000
1000
1000
0.0
1000
1000
1000
1000
1000
1000
1000
0.0
0.3479217771845975
1000
0.3428456580039382
1000
0.0
1000
1000
1000
1.3342109108954177
1000
1000
1000
1000
1000
1000
1000
0.3468164619129145
1000
1000
1000
1000
1000
1000
1000
0.34735680773559263
1000
1000
0.34634282565850344
1000
0.3471139210467253
1000
0.0
1000
1000
1000
1000
1000
0.34560053818782366
1000
1000
1000
1000
1000
0.0
1000
1000
1000
1000
1000
1000
1000
1000
1000
1000
1000
0.3465146834951389
1000
1.3341953376401297
1000
1000
1000
1000
1000
1000
0.17624461405097444
1000
1000
1000
1000
1000
1000
1000
1000
1000
1000
1000
1000
1000
1000
0.0
0.34698498436011477
1000
0.17943345661718166
1000
1.3338020492412133
0.0
1000
1000
1000
1000
0.0
1000
1000
0.34426069444246754
1000
0.17800258711654893
1000
1000
1000
1000
1000
1000
1.3336044821168327
1000
0.34690806293560006
1000
0.0
1000
1000
1000
1000
1000
0.17611966457325168
0.3435317757483464
1000
1000
1000
1000
1000
1000
1000
1000
1000
1000
1000
1000
1000
0.17691157130944915
0.1766927433797424
1000
0.3445443697888084
1000
1000
1000
1000
1000
1.3340198922787063
1000
1000
1000
1000
1000
1000
0.3414143815654278
1000
0.34477896442787526
1000
1000
0.1748931869692476
1000
1000
0.3483521604624911
1000
0.0
1000
1000
1000
1000
1000
1000
1000
1000
1000
1000
1000
1000
0.3473775083227695
1000
1000
1000
1000
1000
0.3443463580712386
1000
1000
0.0
1000
1000
1000
1000
1000
1000
1000
1000
1000
1000
1000
1000
1000
1000
1000
1000
1000
1000
1000
1000
1000
1000
1000
1000
1000
1000
1000
0.0
0.17874396157518033
1000
1000
0.1767970659145505
0.3449325529143343
1000
1000
1000
1000
1.333706934017681
1000
1000
1.3335711090754532
1000
1000
0.0
1000
1000
1000
1000
1000
0.34616196174624597
1000
1000
1000
1000
1000
1000
1000
1000
1000
0.3424834094730311
0.0
1000
1000
1000
1000
1000
1000
1000
1000
1000
1000
1000
0.3468010746839912
1000
1000
0.3437609394267878
1000
0.34761280890705043
1000
1000
1000
1000
0.3448886374352072
1000
1000
1000
1000
1000
1000
1000
0.3443321614359005
1000
0.3433211771567754
1000
1000
1000
1000
1000
1000
1000
1000
1000
1000
1000
0.17839316536304847
1000
0.3489286247768642
1000
0.17732951863159216
1000
1000
1000
0.0
1000
1000
1000
1000
1000
1000
1000
1000
1000
1000
1000
0.0
1000
1000
1000
1000
0.34466394575862364
1000
1000
1000
1000
1000
1000
1.3340065683689422
1000
1000
1000
1000
1000
1000
1000
1000
1000
1000
1000
1000
1000
1000
1000
1000
0.1774299633245706
1000
0.343726500055052
1000
1000
1000
1000
1000
1000
1000
1000
1.3333682986979447
1000
0.0
1000
0.3433697977402814
0.0
1000
1000
1000
1000
0.0
0.34395532095375503
1000
1000
1000
0.346849371677163
1000
0.3483668845651791
1000
1000
1000
1000
1000
0.3462133078579926
1000
1000
1000
1000
1000
1000
1000
1000
1000
1000
1000
1000
1000
1000
1000
0.17669458785858616
1000
1000
1000
1000
1000
1000
1000
1000
1000
1000
1000
1000
0.0
1000
1000
1000
0.0
1000
1000
1000
1000
1000
1000
0.34836416155840927
0.17740551901747462
1000
1000
1000
0.34168826862910295
1000
1000
1000
1000
1000
1000
1000
1000
1000
1000
1000
1000
1000
1000
1000
0.3438091333070884
1000
1000
1000
1000
0.0
0.34387829977094375
1000
1000
1000
1000
1000
1000
0.34562177577877723
1000
0.0
1000
1000
1000
1000
1000
0.0
1000
1000
1000
1000
1000
1000
0.3461285087804366
1000
1000
1000
1000
1000
0.34464755943245245
0.0
1000
1000
0.0
1000
1000
1000
1000
1000
1000
1000
0.17586373059828034
1000
1000
1000
0.3453199130384762
1000
1000
1000
1000
1000
1000
1000
1000
1000
1000
0.3467169011206918
1000
1000
1000
1000
1000
1000
1000
1000
1000
1000
0.17633661450865973
1000
0.34793713138255744
1000
1000
1000
1000
1000
1000
1000
0.3495445379644969
0.3470846646945509
1000
1000
0.3427842652865623
1000
0.0
1000
1000
1000
1000
1000
0.0
1000
1000
1000
1000
1000
0.0
1000
1000
0.34290451462942095
1000
1000
1000
1.3340118825368232
1.3342732848801486
1000
1000
1000
1000
0.3469873906563212
1000
1000
1000
1000
1000
1.3342228383186707
1.3342833735687711
1000
1.334217213808319
1000
1000
1000
0.17697492916208868
1000
1000
1000
1000
1000
1000
1000
1000
0.0
1000
1000
0.3441825063285191
1000
1000
1000
0.3446755706874258
1000
1000
0.17654878384942946
1000
1000
1000
0.3492519057404691
1000
0.0
1000
1000
1000
1000
0.0
0.34447176822118514
1000
1000
1000
1000
1.3334963479819117
0.3463380533643722
0.17620361860354097
1000
1000
1000
1000
1000
0.17726142917870918
0.34377873358122185
1000
0.3482336122285575
1000
0.0
1.334298399663148
1000
0.34271931254070703
1000
1000
1000
1000
1000
1000
1000
1000
1000
1000
0.0
1000
1000
1000
1000
0.17814518198791277
1000
0.343489471731555
1000
1000
1000
1000
1000
0.34421606659852805
1000
1000
1000
0.34640812404086063
1000
1000
0.0
1000
1000
1000
1000
1000
1000
1000
0.34415749986612754
0.1771299911086452
1000
1000
0.0
1000
0.3444242237494882
1000
1000
1000
0.3437652328579187
1000
1000
1.3335125767330667
1000
0.3420535875228699
1000
1000
1000
1000
1000
1000
1000
1000
0.3486361917102696
1000
1000
1000
0.34585650190386347
1000
1000
1000
1000
1000
0.3450699055406442
0.3422731927233847
1000
0.17803728883209846
1000
1000
1000
1000
1000
0.34521049211793253
1000
1000
1000
1000
0.0
1000
0.0
1000
0.34342212876655204
0.347707285206553
1000
1000
0.344635207305486
1.3342239062894217
0.3452420632517554
1000
1000
1000
0.0
1000
1000
0.0
1000
1000
0.1775992525267997
1000
1000
0.17791399141986716
1000
0.3457615955600762
0.3476291590459427
1000
1000
1000
1000
1000
1000
1000
1000
1000
1000
1000
0.3456742896158431
0.34226068206221844
1000
1000
1000
0.17744123203232723
1000
1000
1000
0.3415720808735548
1000
1000
0.344943310779605
1000
1000
1000
1000
1000
1000
1000
0.0
1000
1000
0.0
1000
1000
1000
1000
0.34454642835212396
0.3461368560642498
1000
1000
1000
1000
1000
1000
1000
1000
1000
1000
1000
1000
1000
1000
1000
1000
1000
1000
1000
1000
1000
1000
1000
0.0
1000
1000
1000
1000
0.34758738965462127
1000
1000
1000
1000
1000
1000
1000
0.34466575205443917
1000
1000
1000
1000
1000
1000
1000
1000
1000
1000
1000
1000
1000
0.0
1000
0.34841455686884826
1000
0.3461348292344901
1000
1000
0.34697498948368194
1000
1000
1000
1000
1000
1000
0.3460605567709527
0.34585258675928054
1000
0.3442420175954817
1000
1000
1000
1000
0.34382569672298724
1000
1000
1000
1000
1000
0.0
1000
1000
1000
1000
0.0
0.0
1000
1000
1000
1000
0.34639620441460917
1000
1000
1000
1000
1000
1000
1000
1000
1000
1000
1000
1000
1000
1000
0.3476277140281233
1000
1000
1000
1000
1000
1000
1000
1000
0.3488798793464858
1000
1000
1000
1000
1000
0.3440261177059189
1.333747505969674
1000
1000
0.17743056921903694
0.0
1000
0.34393171420835505
1000
1000
0.34459974005809574
1000
1000
0.0
1000
1000
1000
1000
0.17672894401905656
1000
0.34567707348685106
1000
1000
1000
1000
1000
1000
1000
0.34360598713669677
0.34640159277169225
0.0
0.34544895155620453
1000
0.0
1000
1000
1000
1000
1000
1000
1000
1000
0.34832802366900034
1000
1000
0.3430716794244732
0.34800159883040627
0.34713673064239264
0.17778407749810238
1000
1000
1000
1000
0.0
1000
1000
1000
1000
1000
1000
1000
1000
1000
1.3335881298266006
1000
1.3337038114263748
0.17675909846882396
1000
1000
1000
1000
0.3470778452971705
1000
1000
1000
1000
1000
0.34582038703303297
1000
1000
0.0
1.3337341022165305
1000
1000
1000
1000
1000
1000
1000
1000
1000
1000
1000
1000
1000
1000
1000
1000
1000
1000
1000
1000
0.17525475623443973
1000
1000
0.3480141688695011
1000
1000
1000
0.0
1000
1000
1000
1000
1000
1000
1000
1000
1000
1000
1000
1000
1000
1000
1000
1000
1000
0.3462874711563501
1000
0.3469835658006617
1000
0.0
1000
1000
1000
1000
0.3439651869688106
1000
0.0
1000
1000
1000
1000
1000
1000
1000
0.34213873547509394
1000
1000
1000
1000
1000
0.3459965566798462
1000
1000
1000
1000
1000
1000
0.0
0.17636287290898292
1000
1000
0.34554898862673344
1000
1000
0.17557590214136257
1000
0.0
1000
1000
1000
1000
1000
1000
0.34336218207805824
0.17789980133944752
0.34797167818475994
0.17473291495565785
0.34622792465431423
0.0
1000
1000
1000
1000
1000
1000
0.3476077786423467
1000
1000
1000
1000
1000
1000
1000
1000
1000
0.34542278393805154
1000
1000
1000
1000
1000
1000
1000
1000
1000
1000
1000
0.34656025786655265
1000
1000
1000
1000
1000
0.0
1000
0.0
0.3434178366062007
0.17807390345095914
1.333460162485366
1000
1000
0.34846013196222936
1000
1000
0.3461486931026094
1000
1000
1000
1000
1000
1000
1000
0.3427005008403237
0.0
1000
1000
1000
0.0
1000
1000
1000
0.0
1000
1.3337265301837327
1000
0.3476485581994237
0.3467485320395164
1000
1000
1000
1000
1000
1000
1000
1000
0.3466119854487714
1000
1000
0.349323772542288
1000
1000
0.0
1000
1000
1000
1000
1000
1000
1000
1000
1000
1000
1000
1000
1000
1000
1000
1000
1000
1000
1000
1000
1000
0.34394669949910206
1000
1000
1000
1000
0.3451618809377992
1000
1000
1000
1000
1000
1000
1000
0.34687800868284835
1000
1000
1000
1000
1000
1000
1000
1000
1000
1000
0.34743132303572233
1000
1000
1000
1000
1000
1000
1000
1000
1000
1000
0.1792220087050439
0.0
1000
0.3462627630793433
1000
1000
1000
1000
1000
1000
1000
1.3341165167139946
1000
1000
1000
1000
1000
1000
1000
1000
1000
1000
1000
1000
1000
1000
0.3421691870258833
1.3338869204285864
1000
1000
1000
1000
1000
1000
1000
1000
1000
1000
0.342874307956011
1000
1000
1000
1000
0.0
1000
1000
1000
1000
1000
1000
1000
1000
1000
0.0
0.3496461142676017
1000
1000
1000
1000
1000
1000
1000
0.34663096295746976
1000
1000
1000
1000
1000
1000
1000
1000
1000
1000
1000
1000
1000
1.3335440099808464
1000
1000
1000
1000
1000
1000
1000
1000
0.3441779144419979
1000
1.3337843412729717
1000
1000
1000
1000
1000
1000
1000
1000
1000
1000
1000
1000
1000
1000
1000
1000
1000
1000
0.3430290163242412
1000
1000
0.17794058481121472
1000
0.0
1000
1000
1000
0.34436006263485275
1000
1000
0.0
0.34482796219177353
1000
1000
1000
1000
1000
1000
1000
1.333388697721792
1.3336042026358421
1000
1000
1000
1000
1000
0.0
1000
1000
1000
1000
1000
1000
1000
1000
1000
1000
1000
1000
1000
0.3459754659026585
0.34417041929811787
1000
1000
1000
1000
1000
0.0
0.0
1000
1000
0.0
1000
0.0
0.3436004250356854
0.3437270044770113
1000
1000
1000
1000
1000
1000
1000
1000
1000
1000
0.34419327984825104
1000
1000
1000
0.347723308213019
0.0
1000
1.3333576534371292
0.3449711662602205
1000
0.0
1.334161951179104
0.0
1000
1000
1000
1000
1000
1000
1000
1.334103986020304
0.34733182180524363
1000
0.0
1000
1000
1000
1000
0.0
1000
1000
1000
0.0
1000
1.3340396681317632
1000
0.3433490308701156
1000
1000
1000
1.3340248573623399
1000
1000
1000
1000
0.3442844562871588
0.3474866852174297
1000
0.0
1000
1000
1000
1.3333694154982245
0.0
1000
0.0
1000
1000
1000
1000
0.0
1000
1000
1000
1000
1000
1000
0.0
1000
1000
1000
1000
1000
1000
1000
1000
1000
1000
0.34572114963888256
1000
0.1752708293285951
0.0
1000
1000
1000
1000
1000
1000
1000
1000
1000
1000
1000
1000
0.0
0.3450539252893757
0.3449759851972045
1000
1.3338131484731086
1000
1000
1000
1000
1000
1000
1000
1000
1000
1000
1000
1000
1000
1000
1000
0.0
1000
1000
1000
0.0
0.3466943762217392
1000
1000
1000
1000
1000
1000
1000
1000
1000
1.3334521146979346
1000
0.3447426509935339
1000
1000
1000
1000
1000
1000
1000
1000
1000
1000
1000
1000
1000
1000
1000
1000
1000
0.34465983876611717
1000
1000
1000
0.0
1000
1000
1000
1000
0.0
0.0
0.0
1000
0.0
1000
0.0
1000
0.0
1000
1000
1000
0.0
1000
1000
1000
1000
1.333883634027235
1000
1000
1000
1.33390474732229
1000
1000
1000
1000
1000
1000
1000
1000
1000
0.0
1000
1000
0.34666306329379454
0.0
1000
1000
0.0
1000
1000
1000
0.34292871213194576
1000
1000
0.17546977768468935
0.343517719439549
1000
1000
1000
1000
1000
1000
1000
1000
1000
1000
1000
1000
1000
1000
1000
1000
1000
1000
1000
1000
1000
0.1772330818723851
1000
0.3454397812465717
1000
1000
1.3337173805507558
1000
0.34639677156556903
1000
0.34192352609570154
1000
1000
1000
1000
0.3428931400539991
1000
1000
1000
1000
1000
1000
1000
1000
1000
1000
1000
1000
1000
0.0
1000
1000
1000
0.3438017670016771
1000
1000
0.0
0.17649221896180586
1000
1000
1000
1000
0.0
1000
1000
1000
1000
1000
1000
1000
0.0
1000
1000
0.17644753751839667
1000
1000
1000
1000
0.3466394731116251
1000
1000
1000
1000
0.3477869294820396
1000
0.0
1000
1000
1000
0.34649272314994756
1000
1000
1000
1.3337937472073595
1000
1000
1000
0.0
1000
1000
1000
1000
1000
1000
1000
1000
1000
1000
1000
1000
1000
1000
1000
0.17714116939448502
1000
1000
1.3340788876764496
1000
0.3467267402139881
1000
1.33336755253043
1000
0.3447274920444366
1000
1000
1000
1000
1000
1000
1.3339315829417722
1000
0.17408345755180513
1000
1.3342580627121747
1000
1000
1000
1.3340058551502327
1000
1000
0.0
1000
0.0
0.34584988839411657
1000
1000
1000
1000
1000
1000
1000
1000
1000
1000
1000
1000
1000
1000
0.3449182016477747
1000
0.3488390484748021
1000
1000
1000
1000
0.0
1000
1000
1000
1000
0.0
1000
1000
1000
1000
1000
1000
1000
0.17702630625303636
1000
1000
1000
1000
1000
1000
0.34509652617276354
1.3336416061754284
1000
1000
0.17951149324301938
1000
0.3423413463454703
1000
1000
0.0
1000
0.34639995235446375
1000
0.348507020827173
1.333377106875438
1000
0.3473708714708813
1000
1000
0.0
1000
1000
1000
1000
1000
1.3336121748488265
1000
1000
1000
1000
1000
1000
1000
1000
1000
1000
0.17580736687870324
1000
1000
1000
0.3457069697659605
1000
1000
1000
1000
1000
1000
0.0
1000
1000
0.0
1000
1000
1000
1000
1000
1000
1000
1000
1000
0.0
1000
1000
1000
1000
1000
1000
0.1781648478073802
0.0
0.3440914031813057
1000
0.3436153819267967
0.0
1000
0.0
1000
1000
1000
1000
1000
1000
0.34472066465968476
1000
1000
1000
0.0
1000
1000
1000
0.3436964804925402
1000
1000
1000
1000
0.0
0.0
1000
1000
1000
1000
1000
1000
0.34554469420876205
1000
1000
0.0
1000
1000
1.3342953720136932
1000
1000
1000
1000
1000
1000
0.34613079768557564
1000
0.1749695359048073
1000
1000
1000
0.17461539833189002
1000
1000
1000
1000
1000
1000
0.346116456843268
1000
0.0
0.0
1000
1000
1000
1000
1000
1000
1000
1000
1000
1000
1000
1000
1000
1000
1000
1000
1000
1000
0.0
1.334048016664148
1000
1000
1000
1.3334413526371591
1000
1000
1000
1000
1000
0.3461999507009561
1000
1000
1000
1.3333723954970689
1000
0.34479736930348215
1000
0.3426674098041873
1000
0.0
1000
0.0
1000
1000
1000
1000
1000
1000
1000
1000
0.34285517890073114
1000
1000
1000
1000
0.1779391626126846
1000
1000
0.3431457081457943
1000
1000
1000
1000
0.0
0.0
1000
1000
1000
1000
0.17644857493222765
1000
1000
1.333951546170482
0.0
1000
1000
1000
1000
1000
1000
1000
1000
1000
1000
1000
1000
0.34458020229221925
1.3336167476280023
0.34842936872881775
1000
1000
1000
1000
1000
0.0
0.17658383480148523
1000
1000
1000
1000
1000
1000
1000
1000
1000
1000
1000
1000
1000
1000
1000
1000
1000
1000
1000
1000
1000
1000
1000
1000
1000
1000
0.34887945914915086
1000
1000
1000
1000
1000
1000
1000
1000
0.34890158891981715
0.0
0.3470331005181183
1000
1000
1.3337456834023544
1000
0.34563817155873966
1000
1000
0.0
1000
1000
0.34657831114267634
1000
1000
1000
1000
1000
0.34481679512785957
1000
1000
1000
1000
1000
1000
1000
1000
0.0
1000
1000
1000
0.34378418717921316
0.3461601762223451
1000
1000
1000
1000
0.34216797982444636
1000
1000
0.34285282237995934
1000
1000
1000
0.0
1000
1000
1000
1000
1000
1000
1000
1000
0.3458592431386408
1000
0.17712699744493232
1000
1000
1000
1000
1000
1000
1000
1000
1000
1000
1000
1000
1000
0.0
1000
1000
1000
1000
1000
0.34929271455577476
1000
1000
1000
1000
1000
1000
1000
0.34333748449141877
1000
1000
1000
0.3452603573042766
1000
1000
1000
1000
1000
0.0
1000
1000
1000
1000
1000
1000
0.0
1000
1000
1000
1000
1000
0.1781098313140985
1000
1000
1000
1000
1.3339387897612016
1.3335210544630882
1000
0.34341480929843177
1000
1000
1000
1000
1000
1000
1000
1000
1000
1000
1000
0.34315210040362176
1000
1000
1000
1000
1000
1000
1000
1000
1000
0.0
1000
1000
0.0
1000
1.3333797168421448
0.0
0.34612384883916825
0.34949809843883495
1000
1000
1000
1000
0.0
1000
0.0
1000
1000
1000
1000
1000
0.0
0.3439205369352314
1000
1000
1000
1000
1000
1000
0.3440321491406832
0.34514645944804156
1000
1000
1000
0.3465224972346994
1000
1000
1000
1000
0.0
1000
0.0
0.3463076477603787
1000
1000
1000
1000
1000
1000
1000
1000
1000
1000
0.3427995965944602
1000
1000
1000
1000
1000
0.3452516198006142
1000
0.0
1000
1000
1000
1000
0.3477970096230446
0.1747768020294912
0.1770218508623256
1000
1000
1000
1000
0.3464661717345608
1000
1000
1000
1000
1000
1000
1000
1000
1000
1000
1000
1000
1000
1000
1000
1000
1000
1000
0.17812372836855803
1000
0.0
1000
1000
1000
1000
1000
1000
1000
1000
1000
1000
1000
1000
1000
1000
1000
1000
1000
1000
1000
1000
1000
1000
1000
0.3443915386836476
1000
1000
1000
1000
1000
1000
1000
0.34557328855556174
1000
1000
1000
1000
1000
1000
1000
1000
1000
1000
0.34826059906475587
0.17907683394241508
1000
1000
1000
1000
1000
0.1754536172314749
1000
1000
1000
1000
1.3341814905782226
1000
1.3334556126925152
1000
1000
0.3436644793248082
0.3448375703240799
1000
1000
1000
1000
1000
1000
1000
1000
1000
1000
1000
0.0
1000
1000
0.0
0.0
1000
1000
1000
1000
0.34326585666872655
1000
1000
1000
0.3485374496590182
1000
1000
1000
1000
0.3445279642642514
1000
1000
1000
1000
1000
1000
1000
1.3342484083369328
1000
1000
1000
1000
1000
1000
1000
1000
1000
1000
1000
1000
1000
1000
1000
1000
1000
1000
0.0
0.3440669259245816
1000
1000
0.0
0.34626440077078763
1000
1000
1000
1000
1000
1.3338148298120498
1000
0.3477172487402965
1000
1000
0.0
1.3335060714958997
1.3340771591393659
1000
0.1770109334770311
0.17741663342836617
1000
1000
1000
1000
0.1763262684725726
1000
1000
1000
1000
1000
1000
1000
1.3333526245909484
1000
1000
1.3336399736271163
1000
1000
0.3470718076647482
1000
1000
1000
0.343045700928794
1000
1.3335534930332096
0.3487241548826478
1000
1000
1000
1000
1000
1000
1000
1000
0.0
1000
1000
1000
1000
1000
0.0
0.34833496493595717
0.3478584652961848
1000
1000
1000
1000
1000
1.3335585435861472
1000
1000
1000
1.3337377498251413
1000
1000
1000
1000
1000
1000
1000
0.0
1000
1000
0.0
1000
0.0
0.0
1000
1000
1000
1000
0.34259985255560077
1000
1000
0.3452409818382581
1000
1000
1000
1000
1000
1000
0.0
0.0
1000
1000
1000
1000
1000
1000
1000
1000
1000
1000
1000
1000
1000
0.3450312044538347
1000
1000
1000
1000
1000
0.34759023675169787
1000
0.3466982131841273
1000
1000
1000
1000
0.17880253059226836
0.0
1000
0.34882055536959145
0.0
0.0
1000
1000
1000
1000
1000
1000
1000
1000
1000
1000
0.34419352029657124
1000
1.333361110354434
1000
1000
1000
1000
1000
1000
0.346512254588381
1000
1000
1000
1000
1000
1000
1000
1000
1000
0.0
1000
1000
1000
1000
1000
1000
1000
1000
1000
1000
1000
1000
1000
0.0
1000
1000
1000
1000
1000
1000
1000
1000
1.3341692729713013
1000
1000
1000
1000
1000
1000
1000
1000
1000
0.0
1000
1000
1000
1000
1000
1000
1000
0.0
1000
1000
1.33376243680811
1000
1000
1000
1000
1000
1000
1000
1000
1000
1000
1000
1000
1000
1000
0.3465413065276095
1000
0.3491005918337137
1000
1000
1000
0.17695623115356085
1000
0.34435846393652786
1000
0.3437581118836106
1000
1000
1000
1000
0.0
1000
1000
1000
0.0
1000
1000
1000
1000
1000
0.0
1000
0.0
1000
1000
1000
0.3439941797320802
1000
1000
0.3448780547849505
0.3476259470659375
1000
1000
1000
1000
1000
0.34632212213173225
0.34633563778446264
1000
1000
1000
0.34221691416835076
1000
1000
1000
1000
1000
1000
1000
1000
1000
0.3462254658481743
1000
1000
0.34409734929463287
1000
1000
0.34400595292345165
1000
0.3457329931309203
1000
1000
0.0
1000
1000
1000
1000
1000
1000
0.3450249064928718
1.333400506379317
1000
1000
1000
1000
0.34580633696886354
1000
1000
0.0
0.17776146314607813
0.0
1000
1000
1000
1000
0.3473776495191935
0.3484197371700215
1000
1000
1000
1000
1000
1000
0.0
1000
1000
1000
1000
1000
1000
1000
0.34965365978425356
1000
1000
1000
1000
1.3336378308545631
0.3467598946615455
0.34850344204237876
1000
1000
1000
1000
1000
1000
0.0
1000
1000
0.1773600677325683
1000
0.0
1000
1000
1000
1000
1000
1000
1000
1000
1000
1000
1000
1000
1000
1000
1000
1000
0.34659322071001447
1000
1000
0.34210376091250866
0.3454855767089706
1000
0.1782708189296583
1000
1000
1000
1000
0.3461372872457047
1000
0.3470426022796628
1000
1000
1000
1000
1000
1000
1000
1000
1000
0.17427437842953958
0.348080329704489
1000
1000
1000
1000
1000
1000
1000
1000
1000
1000
1000
1000
1000
1000
1000
1000
1000
1000
1000
1000
1000
1000
1000
1000
1000
1000
1000
1000
1000
0.17832565788776217
1000
1000
1000
1000
1000
1000
1000
1000
1000
1000
0.34385987124307343
0.3457455975579034
1000
1000
0.34600905581397884
1000
1000
1000
1000
1000
1000
0.3453605492753793
0.3458527759489518
1000
1000
1000
1000
1000
1000
1000
1000
1000
1000
1000
1000
1000
0.3430245195981245
1000
1000
1000
0.3466085480653224
0.34397724520545814
1000
0.34684259520561167
1000
1000
1000
0.34564993737717364
1000
1000
1000
1000
0.3471840567522496
1000
1000
1000
1000
1000
1000
1000
1000
1000
1000
1000
1000
1000
1000
1000
1000
1000
1000
1000
1000
1000
1000
1000
0.34395791906576473
1000
1000
1000
1000
1000
1000
1000
1000
0.3472468193770873
1000
1000
1000
1000
1000
1000
1000
1000
1000
1000
0.17722921945054312
0.34558130242813423
1000
1000
1000
1000
0.17692040309883778
1000
0.34452429965697057
1000
1000
1000
1000
1000
1000
1000
1000
1000
1000
1000
1000
1000
1000
1000
1000
0.34590916267694527
1000
1000
1000
1000
1000
1000
1000
0.17540322949325698
1000
0.3485459419484473
1000
1000
0.3461824265892528
1000
1000
1000
1000
1000
1000
1000
1000
0.34798800681430164
1000
1000
1000
1000
1000
1000
1000
1000
1000
1000
1000
1000
1000
1000
1000
1000
1000
1000
1000
1000
1000
1000
1000
1000
1000
1000
1000
1000
1000
1000
0.34675671462392804
1000
1000
1000
1000
1000
1000
1000
1000
1000
1000
1000
1000
0.17863096906130566
0.17636307421793831
1000
1000
0.3459553198956309
1000
1000
1000
0.1782579892817126
1000
1000
1000
0.3475750887684344
0.34259198034091215
0.34762297087383015
0.34308493316763533
0.3479021953023996
1000
1000
1000
1000
1000
1000
1000
1000
1000
1000
1000
1000
1000
1000
1000
1000
1000
1000
1000
1000
1000
1000
1000
1000
1000
1000
1000
1000
1000
1000
1000
1000
1000
1000
0.17757947442920763
1000
1000
1000
1000
1000
1000
1000
0.3468151951569684
0.17854998546029155
1000
1000
1000
1000
1000
1000
0.34423600189230785
1000
0.3457824455842989
1000
1000
1000
1000
1000
1000
0.3451095768667316
0.17870676773644545
1000
1000
1000
1000
0.34505602004745717
1000
1000
0.1771691949622891
1000
1000
1000
1000
1000
1000
1000
1000
1000
1000
1000
0.3488039346920741
1000
1000
1000
1000
1000
1000
1000
1000
1000
1000
1000
1000
1000
1000
1000
1000
1000
1000
1000
1000
1000
1000
1000
1000
1000
1000
1000
1000
1000
1000
1000
1000
1000
1000
1000
1000
1000
1000
0.17756743863615423
1000
0.3463512811202728
1000
1000
0.34494300325801847
1000
1000
1000
0.343607650674201
1000
1000
1000
1000
1000
0.17619861535060397
1000
1000
1000
1000
0.17808501916173206
1000
0.17835095103392967
1000
1000
1000
0.3482774593329943
1000
1000
1000
1000
1000
0.34665372010971685
1000
1000
1000
1000
1000
1000
1000
1000
1000
1000
0.3446541582613292
1000
1000
1000
1000
1000
1000
1000
1000
1000
1000
1000
0.34518809646783777
1000
1000
0.34757240187330907
1000
1000
1000
1000
0.3455045628886675
1000
1000
0.34523403465562535
1000
1000
0.3420286766865236
1000
0.3476061271570439
1000
1000
1000
0.3446864105033577
1000
1000
0.3470824093853522
1000
1000
1000
1000
1000
1000
0.3472874599884675
0.34344752643407195
1000
0.3492819170935843
1000
1000
1000
1000
0.17656475839976138
1000
1000
1000
1000
1000
0.3441697398962736
0.3423572078794798
1000
1000
1000
1000
0.34412285851319935
1000
0.1780846789095098
0.17703254989880818
1000
1000
1000
1000
1000
1000
1000
1000
0.17739942512076895
1000
1000
1000
1000
1000
1000
1000
1000
0.3472908323818908
1000
1000
0.3441981635255143
1000
1000
1000
1000
1000
1000
1000
1000
1000
1000
1000
1000
1000
1000
1000
1000
1000
1000
1000
1000
1000
0.34741720451731706
1000
0.17512072891151453
1000
0.3452031908642409
1000
1000
0.3449692287126069
1000
0.3480559816217547
1000
1000
1000
0.34219202216058786
1000
1000
1000
0.3478013208341336
1000
1000
1000
1000
0.34243892941134585
1000
1000
1000
1000
1000
0.3477019409644263
1000
0.17693140679261393
1000
1000
1000
1000
1000
1000
1000
1000
0.34187500520260256
1000
1000
1000
1000
0.34433673354001465
1000
1000
1000
1000
1000
1000
1000
1000
0.17505025116372475
0.3451069197850937
1000
1000
1000
0.346162286587297
1000
1000
1000
1000
1000
1000
1000
1000
1000
1000
1000
1000
1000
1000
1000
1000
1000
1000
1000
1000
0.17573447959671906
1000
1000
0.34296751706586504
1000
1000
1000
1000
1000
1000
1000
1000
1000
1000
1000
1000
1000
1000
1000
1000
1000
0.17684268774960463
1000
1000
1000
1000
1000
1000
0.17744438699405315
1000
1000
1000
1000
1000
1000
1000
0.3438795332654316
1000
0.3429841005019041
1000
1000
1000
1000
1000
1000
1000
1000
1000
1000
1000
1000
1000
1000
0.17824846609257256
1000
1000
1000
0.34777407453415543
1000
1000
1000
1000
0.3472155258540238
1000
1000
1000
0.3469379864520984
0.3450193488965374
0.34539011877677767
1000
1000
1000
1000
0.0
1000
1000
0.3458586638277879
1000
1000
1000
1000
0.34654494930395496
1000
1000
1000
1000
1000
1000
1000
1000
1000
0.34773501934243356
1000
1000
1000
0.34706272795371323
0.3481913700586699
1000
1000
1000
1000
1000
1000
1000
1000
1000
1000
1000
1000
1000
1000
0.17609927991276123
1000
1000
1000
1000
0.17571950975998482
1000
1000
1000
1000
1000
1000
0.3480711053982523
1000
1000
1000
1000
1000
1000
1000
1000
1000
0.34390335558883717
1000
0.17556389439181228
1000
1000
1000
1000
1000
0.34738614061023454
1000
1000
1000
1000
0.34590676699298906
1000
1000
1000
1000
1000
1000
1000
1000
0.3438195792960794
1000
1000
1000
1000
1000
0.3450243794519672
1000
1000
1000
1000
1000
1000
1000
1000
1000
1000
1000
1000
1000
1000
1000
0.34803135176336986
0.34128613164983757
0.34527553724902704
0.34330839226762705
1000
1000
1000
1000
1000
1000
1000
1000
1000
0.3432372124196795
1000
1000
0.3478630506731219
0.3449148743689893
1000
1000
1000
1000
0.3461940245282296
1000
1000
0.34539792735728747
1000
1000
1000
1000
1000
1000
1000
1000
1000
1000
1000
1000
1000
1000
1000
1000
1000
0.3473490907957053
1000
1000
1000
1000
0.17437907051955093
1000
0.34719010133680245
1000
1000
0.3424127732708805
1000
1000
1000
1000
1000
1000
1000
0.34552537421868657
1000
1000
0.0
1000
1000
1000
1000
1000
1000
1000
1000
1000
1000
1000
1000
1000
1000
1000
1000
0.3450202141113433
1000
1000
1000
1000
0.1771532057151564
1000
0.34342577802114566
1000
1000
1000
1000
1000
1000
1000
1000
1000
1000
1000
1000
1000
1000
1000
1000
1000
1000
1000
1000
1000
1000
0.17632087046646155
1000
1000
1000
1000
1000
1000
1000
1000
1000
0.3447941917945804
0.343656806612445
1000
1000
1000
0.3457750674807231
1000
1000
1000
1000
1000
1000
1000
0.1782802241667378
1000
1000
0.3477426367490618
1000
1000
1000
1000
1000
0.3436750717976142
0.3477241227889485
1000
1000
0.34384946516263143
0.3438625861111635
1000
1000
1000
0.1759970880836675
1000
1000
1000
0.34689413898430926
1000
1000
1000
1000
1000
1000
1000
1000
1000
1000
0.34894351320935707
1000
1000
1000
1000
1000
1000
1000
1000
1000
1000
0.17757459421829375
1000
1000
1000
1000
1000
1000
0.34375682010116954
0.34451655501726813
1000
1000
1000
1000
1000
1000
1000
1000
1000
1000
1000
1000
1000
1000
1000
1000
0.3475870508367084
0.3431288298811258
1000
1000
1000
1000
0.3442053456267552
1000
1000
1000
1000
0.34728460365007935
1000
1000
1000
1000
1000
0.3471202163617051
1000
1000
1000
1000
1000
1000
1000
1000
0.34623204989546386
1000
1000
1000
1000
1000
1000
1000
0.17693951346235656
1000
1000
0.34683622010703413
1000
0.0
1000
1000
0.1750689950625505
1000
1000
1000
1000
1000
0.3448875240751805
0.3439617865696323
1000
1000
1000
1000
1000
1000
1000
1000
1000
1000
0.34825003258417825
0.17812354681688505
1000
1000
1000
1000
1000
1000
1000
1000
1000
1000
1000
1000
1000
0.17675496424737325
1000
1000
1000
1000
1000
0.34350106311592316
1000
1000
1000
1000
1000
1000
1000
0.34393458746066463
1000
1000
1000
1000
1000
1000
0.3442298829170767
1000
0.0
1000
1000
1000
1000
1000
1000
1000
1000
1000
1000
1000
1000
1000
1000
0.17453787567650753
1000
1000
1000
1000
0.17737507553789442
0.34455094156896376
1000
1000
0.34371570608761143
1000
1000
1000
0.3465124803765224
1000
1000
1000
1000
1000
1000
1000
1000
1000
1000
1000
0.34308860714787587
1000
1000
1000
1000
1000
0.3444724193774445
0.3467911207272366
1000
0.34717325017038464
1000
1000
1000
1000
0.17620708085210063
1000
1000
0.34624229135433127
0.34445132141174023
1000
1000
1000
1000
1000
1000
0.17636076423171326
1000
1000
1000
0.17472494666201943
1000
1000
1000
0.3439502139085764
1000
1000
1000
1000
1000
1000
1000
1000
1000
0.34529826917563006
1000
1000
1000
1000
0.0
1000
1000
1000
1000
1000
0.3414645794807781
1000
0.3433769201724804
1000
1000
1000
0.3443820329083305
1000
1000
1000
1000
1000
1000
1000
1000
1000
0.17578821659013885
1.3343280843700345
0.17722815880855572
0.3466170186639958
1000
0.0
1000
1000
1000
1000
1000
1000
1000
1000
1000
1000
1000
1000
1000
1000
1000
1000
1000
1000
0.3473723548563594
1000
1000
1000
1000
0.17744739570302798
1000
1000
0.34618585828871473
1000
1000
1000
1000
0.34286596178101597
1000
1000
1000
1000
1000
0.34337328088712643
0.175107889306272
0.3424813123207171
0.0
1000
1000
1000
1000
1000
1000
1000
1000
0.177916080209616
0.3426501143541006
1000
1000
1000
1000
1000
1000
1000
1000
1000
1000
1000
0.0
1000
1000
1000
1000
1000
1000
0.3438840426913366
1000
1000
0.17798430131859128
0.3446991446563163
0.17525298502767186
1000
1000
1000
1000
1000
0.34467508200923963
0.34131957704869187
0.3434288272752134
0.34600445574154925
0.34474520275341375
1000
1000
0.1766838676829782
1000
1000
0.0
1000
1000
1000
1000
1000
1000
1000
1000
1000
1000
1000
1000
1000
1000
1000
1000
0.3441163283921279
1000
1000
1000
1000
1000
1000
1000
0.3479883391071054
1000
1000
1000
0.17610349644202902
1000
0.3424448556884244
0.3481735743884589
1000
1000
1000
1000
0.3437449667641206
0.34671123130632864
1000
1000
1000
1000
1000
0.34625562337986227
1000
0.3460611342513342
1000
0.3462741040161453
1000
0.34696227890557835
1000
1000
1000
0.34430542236953704
1000
1000
1000
0.0
0.34645012978965456
1000
1000
1000
0.34962065621309313
1000
0.3452622773717906
0.3434182922828091
1000
1000
1000
1000
1000
1000
1000
1000
1000
0.0
1000
1000
1000
1000
1000
1000
1000
0.34921319421368296
1000
1000
1000
1000
1000
1000
1000
1000
1000
1000
1000
1000
1000
1000
1000
1000
1000
0.17768130833627155
1000
1000
1000
1000
1000
1000
1000
1000
1000
1000
1000
1000
1000
1000
1000
0.0
1000
1000
1000
1000
1000
1000
1000
1000
1000
0.34180862716075305
1000
1000
1000
0.0
1000
1000
1000
1000
1000
0.17867184316969423
1000
0.0
0.17832178057028325
1000
1000
1000
1000
1000
1000
1000
1000
1000
1000
0.3486098441826019
1000
1000
0.1769170315377974
1000
1000
1000
1000
1000
1000
1000
1000
1000
1000
1000
1000
1000
0.3442701620387749
1000
1000
1000
1000
1000
1000
1000
1000
1000
1000
0.3418332099099779
1000
1000
0.3457704445015604
1000
1000
1000
1000
1000
1000
1000
1000
1000
1000
0.17633697142763377
0.3433338282973047
1000
1000
1000
1.3334876922631822
1000
0.34573747603278876
0.34413777910383964
1000
0.3468062589617572
1000
1000
1000
1000
0.1757073989241567
1000
0.0
1000
1000
1000
1000
1000
0.17829519337000527
1000
1000
1000
1000
1000
0.34760906153247206
1000
0.3435446968839948
1000
1000
1000
1000
1000
1000
1000
1000
1000
1000
1000
1000
1000
1000
1000
1000
1000
1000
1000
1000
1000
1000
1000
1000
1000
1000
1000
1000
1000
1000
1000
1000
1000
0.34632491238819896
1000
1000
1000
1000
1000
1000
1000
1000
1000
1000
1000
1000
1000
1000
1000
1000
1000
1000
0.3449858783436637
1000
1000
1000
1000
1000
1000
1000
1000
1000
1000
0.0
0.17623249218695267
0.3471921013022362
0.34535804442768336
1000
1000
1000
1000
1000
1000
1000
1000
0.17821336676732896
1000
1000
1000
1000
1000
1000
1000
0.0
1000
1000
1000
1000
1000
0.34639979616711164
1000
1000
1000
0.34676997139209537
1000
0.1759268984926872
1000
1000
0.34227376738531406
1000
1000
0.0
1000
1000
1000
1000
0.0
1000
1000
1000
1000
0.17802129230532485
1000
1000
1000
1000
1000
1000
0.0
1000
1000
1000
1000
0.34308650679210984
1000
1000
1000
0.34539151873064905
1000
1000
1000
0.3448526377735494
1000
1000
1000
1000
1000
0.17698600730903713
1000
1000
0.1769242134502495
1000
1000
1000
0.3486462755113518
1000
1000
1000
1000
1000
1000
1000
1000
1000
1000
0.3474411984187697
1000
1000
1000
1000
1000
1000
1000
0.3476967712731374
1000
1000
1000
1000
0.34334436212796576
1000
1000
1000
0.3427192949059276
0.34571024728338096
1000
1000
1000
1000
1000
1000
0.34331493392695533
1000
0.34909881132291376
1000
1000
1000
1000
0.3436475880934488
1000
1000
1000
1000
1000
1000
1000
1000
1000
1000
1000
0.34312058819867186
1000
0.3457465291831149
1000
0.3456978788421454
1000
1000
1000
1000
1000
1000
1000
0.1776410593301627
1000
1000
1000
1000
1000
1000
1000
1000
1000
1000
1000
0.17653606002965455
0.3443746153588632
1000
1000
1000
1000
1000
1000
1000
1000
1000
1000
0.3473809880322739
1000
1000
1000
1000
1000
1000
1000
1000
0.0
1000
1000
1000
1000
0.3430598486877615
1000
1000
1000
1000
1000
0.343152377136904
1000
0.34513071501985665
1000
1000
0.175357342342931
1000
1000
1000
1000
1000
0.1787857076724426
1000
1000
1000
1000
1000
1000
1000
1000
0.3492775711918785
1000
1000
1000
0.3436208169947717
0.34660076113676436
1000
1000
1000
0.34614040567665705
1000
1000
1000
1000
1000
1000
1000
1000
0.3481777561047486
0.34145737593284786
1000
0.17745930728878648
1000
1000
1000
1000
0.17604411756850105
0.1755300902212989
1000
1000
0.34650358542485066
1000
1000
1000
0.0
0.346918808700603
1000
1000
1000
0.1774227773666437
1000
1000
1000
0.34438822344344955
0.3456830453624425
1000
1000
1000
1000
0.17715689194847076
1000
1000
1000
1000
1000
1000
0.345201553963154
1000
1000
1000
0.0
1000
1000
1000
1000
1000
0.3448445046308559
1000
1.334039213438692
1000
1000
0.3465960722853914
1000
1000
1000
1000
1000
1000
1000
1000
1000
1000
1000
0.0
0.3471017677997072
1000
1000
1000
0.3436917234134483
1000
1000
0.3458463785212951
1000
1000
1000
1000
1000
1000
1000
1000
1000
1000
1000
0.0
1000
1000
1000
0.3468981532155595
0.34288255157715897
1000
1000
1000
1000
1000
1000
1000
0.0
1000
1000
1000
1000
1000
1000
1000
1000
1000
1000
1000
1000
1000
0.0
1000
1000
0.17573405576660758
1000
0.34837428211388166
1000
1000
1000
1000
1000
0.3434397840495536
1000
1000
1000
1000
1000
1000
1000
1000
1000
1000
1000
1000
1000
1000
1000
1000
1000
1000
1000
1000
0.34384681669676953
1000
1000
0.178451900490502
1000
0.17765044122978965
1000
1000
1000
1000
1000
1000
0.0
1000
1000
1000
1000
1000
1000
0.0
1000
0.3477852074949178
1000
1000
1000
1000
1000
1000
0.3444165669847416
1000
1000
1000
1000
1000
1000
1000
0.0
1000
1000
1000
1000
1000
1000
0.34701566866244793
1000
0.34705056994007827
1000
0.1772249169609938
1000
1000
1000
1000
0.0
1000
1000
1000
1000
1000
1000
1000
1000
1000
1000
1000
1000
1000
1000
1000
1000
1000
1000
1000
0.3425669638275697
1000
1000
1000
1000
1000
1000
1000
0.3459134041385744
1000
1000
1000
1000
0.34837494312148987
1000
1000
1.3336199285375545
1000
1000
1000
1000
1000
0.346273429863955
0.34660737690284393
1.3341868514321111
1000
0.17722057707618863
0.3470991921453878
1000
1000
1000
0.34315202748016904
0.34650319240338623
1000
1000
1000
1000
1000
1000
1000
1000
1000
1000
1000
1000
1000
1000
1000
1000
0.1749219031815936
0.17760635296913968
1000
1000
1000
1000
0.34312667129439
1000
1000
1000
1000
0.0
1000
1000
0.17666472805232455
1.334232919782271
1000
1000
1000
1000
1000
1000
1000
1000
1000
1000
1000
1000
1000
0.3420932977552958
1000
1000
1000
1000
1000
1000
1000
1000
1000
1000
1000
0.17682411553517297
0.0
0.3470830734090491
1000
1000
1000
1000
1000
0.34420270058962354
0.3477638368098512
1000
1000
1000
1000
1000
1000
1000
1000
1000
1000
1000
1000
1000
1000
0.0
1000
1000
1000
1000
0.3432063581738522
1000
1000
1000
1000
1000
1000
1000
1000
1000
0.1772600731641872
1000
1000
1000
1000
1000
1000
1000
1000
1000
1000
1000
0.3459644671932426
1000
1000
1000
1000
1000
1000
0.3443313273171216
0.17663049521375626
1000
1000
1000
0.3475370214628408
0.0
1000
1000
1000
1000
1000
1000
0.0
1000
0.3442581207083239
1000
1000
1000
1000
1000
0.0
1000
1000
1000
1000
1000
1000
1000
1000
1000
1000
1000
1000
1000
1000
1000
1000
0.3422442411256318
1000
1000
1000
1000
1000
1000
0.3465893249023412
0.3480492218396929
1000
1000
1000
0.3483528256588626
0.0
1000
1000
1000
1000
1000
1000
1000
1000
1000
0.3439025247449671
0.3475459395287291
1000
1000
1000
1000
1000
0.3480386301697132
1000
1000
0.0
1.333816729910893
0.3476213240307684
1000
1000
0.3427660809798001
1000
1000
0.342081199800841
0.34409987118157487
0.3452166470076205
1000
1000
1000
0.17601454999240426
1000
1000
0.0
1000
1000
1.3341509645517942
1000
1000
1000
1000
1000
0.34264567244342614
1000
1.3336700359445268
1000
1000
1000
1000
1000
1000
1000
1000
1000
1000
1.3340256092442713
1000
1000
1000
1000
1000
1000
0.0
0.3447538832175013
1000
1000
1000
1000
1000
1000
0.0
1000
1000
0.0
1000
1000
1000
1000
1000
1000
0.34921713083313966
1000
1000
1000
1000
1000
1000
0.3477705844748091
1000
1000
1000
1000
0.0
1000
1000
1000
1000
1000
1000
1000
1000
0.1766234084719899
1000
1000
1000
1000
1000
1000
1000
1000
1000
0.34218365454417093
0.1741273121990029
1000
1000
0.34318362181833667
1000
0.17705996281873188
1000
1000
1000
1000
0.34630173925390795
1000
1000
0.0
1000
0.3480051474450494
1000
1000
1000
0.346657979836225
1000
1000
0.3459975575605488
0.34566120013575546
0.17806384795086322
1000
0.0
0.3447456105810743
0.0
1000
1000
1000
1000
0.0
1000
1000
1000
0.0
1000
1.3336135497083228
1000
1000
1000
1000
1000
0.34379678847993433
1000
1000
0.3458007291080987
0.3457979019995177
1000
0.3427191687923691
1000
0.0
1000
1000
1000
1000
1000
1000
1000
1000
1000
1000
1000
1000
1000
1000
1000
1000
1000
1000
1000
1000
1000
1000
1000
1000
1000
0.34723926153469353
1000
1000
1000
1000
1000
0.0
0.17660529570152966
0.3481007605828286
1000
1000
0.34553923879155013
1000
1000
1000
1000
1000
0.3430763776507514
1000
1000
1000
1000
1000
0.34852727333664907
1000
1000
1000
0.1758332048095378
1000
1000
1000
0.17740486478570527
1000
0.34877357525597835
1000
1000
1000
0.3496910650287154
1000
1000
1000
0.3443879658127734
1000
1000
0.344623850213362
1000
1000
1000
1000
1000
1000
1000
1000
1000
1000
1000
1000
1000
1000
1000
1000
1000
1000
1000
1000
1000
0.17581189251751445
1000
1000
1000
1000
1000
1000
1000
1000
1000
1000
1000
1000
1000
1000
1000
1000
1.3334595277406196
1000
0.0
1000
1000
0.0
1000
0.346652649370443
1000
1000
1000
1000
0.34172054321517936
0.17605634595356487
1000
1000
1000
1000
0.0
1000
1000
0.3459669063289946
1000
1000
0.34647728319792315
1000
1000
1000
0.3441170909611534
1000
1000
1000
1000
1000
1000
0.0
1000
1000
0.0
1000
1000
1000
1000
1000
1000
1000
1000
1000
0.3465409532664332
1000
1000
1000
1.333400197970692
1000
0.177797619828705
1000
1000
0.0
1000
1000
0.34447772341563854
1000
0.34190090605325313
1000
1000
1000
1000
1000
1000
0.3438820076520532
1000
0.0
1000
1000
1000
1000
1000
1000
1000
0.0
1000
1000
1000
1000
1000
1000
0.17775919259911618
1000
1000
1000
1000
0.3468182498254688
1000
1000
1000
1000
1000
1000
1000
1000
1000
1000
1000
1000
1000
1000
1000
1000
1000
1000
1000
1000
1000
1000
1000
1000
0.0
1000
0.0
1000
1000
1000
1000
0.0
1000
1000
1000
1000
1000
1000
1000
1000
1000
1000
1000
1000
1000
1000
1000
1000
1000
1000
1000
1000
1000
1000
1000
1000
1000
0.34630737908886067
1000
1000
1000
1000
1000
1000
1000
0.17648994974238474
1000
1000
1000
1000
1000
1000
1000
1000
1000
1000
1000
0.34352632821211815
1000
1000
1000
0.34661370372965916
1000
1000
0.17639040963946048
1000
1000
1000
1000
1000
0.0
1000
0.343130013839249
1000
1000
1000
1000
1000
1000
1000
1000
1000
0.0
1000
1000
0.17780141228597868
1000
1000
1.3333496656932495
1000
1000
1000
1000
1000
1000
1000
1000
1000
1000
0.0
1000
0.17879871792726276
1000
1000
1000
1000
0.0
0.34243909925474225
1000
1000
1000
0.3463200338992799
1000
1000
1000
1000
1000
1000
1000
1000
1000
1000
1000
1000
1.3338423277451525
1000
1000
1000
1000
1000
1000
0.3476568742339242
1000
1000
1000
0.0
1000
1000
0.1771990736867796
1000
1000
1.333829951401667
1000
0.3486099194406363
1000
1000
1000
1000
0.34464967505499816
0.17857391598466252
1000
1000
1000
1000
1000
1000
1000
1000
0.17933325255294977
1000
0.3427341125359725
0.3435911405750277
0.0
0.3441009103257572
1000
1000
1000
1000
1000
1000
1000
1000
0.3439923832147478
1000
0.17646183428920056
1000
1000
1000
1000
1000
0.0
1000
0.34532597414245336
1000
1000
1000
1000
1000
1000
1000
1000
1000
1000
1000
1000
1000
1000
1000
0.3462606621017278
1000
0.0
1000
1000
1000
0.3442868758233446
1000
0.0
1000
1000
1.333563323967078
1000
1.3340714670856542
1000
1000
1000
1000
1000
1000
1000
1000
1000
0.3450523796790528
0.34235956099503445
1000
0.17713568691701506
1000
1.3337818012646097
0.34848117565932024
0.34519013956591804
1000
1000
1000
1000
1000
0.34494647259097033
1000
1000
1000
1000
1000
1000
0.34949363814709716
1000
1000
1000
1000
1000
1000
1000
1000
1000
1000
1000
1000
1000
0.17684529991397893
1000
1000
1000
1000
1000
1000
0.343055694001912
0.346154512110628
1000
1000
1000
1000
1000
1000
0.3472446837468987
1000
0.17845819685239372
1000
1000
1000
1000
1000
0.0
1000
1000
1000
0.3480375946903188
1000
1000
1000
1000
1000
1000
1000
1000
1000
0.0
1000
1000
1000
1000
1000
1000
1000
1000
1000
1000
1000
1000
1000
1000
1000
1000
1000
1000
1000
1000
1000
1000
1000
1000
1000
1000
1000
1000
1000
1000
1000
1000
1000
1000
1000
1000
1000
1000
1000
1000
1000
1000
0.17565571558787804
1000
1000
1000
1000
1000
1000
1000
1000
1000
1000
0.17784305708271259
1000
1000
1000
0.0
1000
0.17693359302670786
1000
1000
1000
1000
1000
1000
1000
1000
1000
0.34658101757951093
1000
1000
1000
1000
1000
1.3341852025767265
1000
0.0
1000
1000
1000
0.17517470243238425
1.33405442104579
1000
1000
1000
1000
0.0
1000
1000
0.0
1000
1000
1000
1000
1000
1000
1000
1000
1000
0.17795565053706958
1000
1000
1000
0.3444144393881013
1000
1000
1000
1000
1000
0.17827277501688302
0.17614326796008403
0.0
1000
1000
1000
1000
1000
1000
1000
1000
1000
1000
1000
1000
0.0
1000
1000
0.34569403474481447
1000
1000
0.0
1000
1000
1000
1000
0.3452633147491068
0.3436577341008938
1000
1000
1000
1000
1000
1000
1000
1000
1000
1000
1000
1000
1000
1000
0.17666243442553062
1000
1000
1000
1000
1000
1000
0.0
1000
1000
1000
1000
1.333355332924404
1000
1000
1000
1000
1000
0.0
1000
0.17646830309411718
1000
0.0
1000
0.3463610948260717
1000
0.3441192552096892
1000
1000
1000
1000
1000
1000
1.3338622009312064
1000
1000
1000
0.3452070452787102
1000
1000
1000
1.333650171925582
1000
1000
1000
1000
1000
0.34684754344358226
1.3341903894558442
1000
1000
1000
1000
1000
0.17588231125225365
0.0
0.0
1000
1000
1000
1.33390150491761
1000
1000
1000
1000
1000
1000
1000
1000
1000
1000
1000
0.0
1000
1000
0.0
1000
1000
1000
1000
1000
0.3483576060576002
0.1777229165321414
1000
1000
1.3342156045101767
1000
1000
1.3341839858358562
1000
1000
1000
1.3336497773131952
1000
1000
1000
0.34836278396338805
1000
0.34653214883386196
1000
1000
1000
1000
1000
1000
1000
1000
1000
1000
0.0
0.1778739301573115
1000
1000
1000
1000
0.34539309617756064
1000
1000
1000
1.3339925602234188
1000
1000
1000
1000
1000
0.0
1000
1000
0.17863867192886412
1000
1000
1000
1000
1000
1000
0.3481665134537175
1000
0.1790731001370564
1000
1000
0.0
1000
1000
1000
0.3461523506676425
1000
1000
1000
1000
1000
1000
1000
1000
1000
1000
0.0
1000
0.34682530778630083
1000
1000
1000
1000
1.3343083175884989
1000
1000
1000
1000
1000
1000
1000
1000
0.0
1000
1000
1000
1000
1000
1000
1000
0.17622576640089418
1000
1000
0.346754014577534
1000
1000
1000
1000
1000
1000
1000
1000
1000
1000
1000
0.1783650513119796
1000
1000
1000
1000
1000
1000
1000
1000
1000
1000
0.34589943306596727
1000
1000
1000
1000
1000
1000
0.34553042248856763
1000
1000
0.0
1000
1000
1000
1000
1000
1.3337790659693398
1000
1.3334292388160935
0.3465121092589201
1000
1000
1000
1000
0.3434805423582537
1000
1000
1000
1000
1000
1000
1000
0.3444804271132261
1000
1000
1000
1000
1000
1000
1000
1000
0.1774187140306812
1000
1000
0.0
1000
1000
0.347319585703501
1000
1000
1000
1000
1000
1000
0.0
0.34702852254391053
1000
1000
1000
1000
1000
1000
1000
1000
1000
1000
1000
1000
1000
1000
1000
1000
1000
1000
1000
1000
1000
1000
1000
1000
1.3340316105288925
1000
1000
1000
1000
0.0
1000
1000
1000
1000
1000
1000
1000
1000
1000
1000
1000
1000
1000
1000
1000
1000
1000
1000
0.17719933337648208
1000
1000
1000
0.0
1000
0.0
1000
1000
1000
1000
0.34627548137867664
1000
1000
1000
1000
1000
1000
1.3337624824790917
1000
1000
1000
0.3466340408399281
1000
1000
0.1764339050119943
1000
0.0
0.3425005307261896
1000
1000
1000
1000
1000
1000
1000
1000
1000
0.17724660263853406
1000
1000
0.0
1000
1000
1000
1000
1000
1000
1000
1000
1000
1000
1000
1000
1.333682929078964
1000
1000
1000
1000
0.3469731108128678
0.34485765193019385
0.1769823831185707
0.0
1000
0.1790426508182904
0.34183661439809226
1.33349014099984
0.0
1000
1000
1.3339624135544024
1000
0.34423452213243505
0.0
1000
1000
1000
1000
0.17689624005762977
1000
0.3427121822156798
1000
1000
1000
1000
1000
1000
1000
1000
0.343204186360587
1.3342015387836677
0.3451169657340667
1000
1000
0.3486178386534209
1000
1000
1000
1000
1000
1000
1000
1000
1000
1000
1000
1000
1000
1000
1000
1000
1000
1.3342698686360412
0.3484356081130158
1000
1000
0.0
1000
0.0
1000
1000
1000
1000
1000
0.0
0.3464401394886905
1000
1000
1000
1000
1000
1.3341092493493274
1000
1000
1000
1000
1000
1000
1000
1000
0.342915854489923
0.3442286737711432
0.0
1000
1000
1000
1000
1000
1000
1000
1000
1.334225495732961
1000
1000
1000
1000
1000
1000
1000
1000
1000
1000
0.17740291417014553
1000
1000
1000
1000
1000
1000
0.17796712279334212
1000
1000
1000
1000
1000
1000
1000
1000
1000
1000
1000
1000
1000
1.3338119548338216
1000
0.3469889841993618
0.0
1000
1000
1000
1000
1000
0.3438113196410206
1000
1000
1000
1000
1000
0.0
0.34799356910468143
1000
1000
1000
1000
1000
1000
1000
1000
1000
1000
1000
1000
1000
1000
1000
1000
1000
1000
1000
1000
1000
1000
1000
1000
1000
1000
1000
1000
1000
1000
1000
1000
1000
1000
1.3338719002534594
1000
1000
1000
1000
1000
1000
1000
1000
0.0
0.0
1.3341339485699637
1000
0.0
1000
1000
1000
1000
1000
1000
1000
1000
1000
1000
0.34410170197017437
1000
1000
1000
0.17798192545577451
1000
1000
1000
1000
1000
1000
1000
1000
1000
1000
1000
1.333973473123005
1000
1000
1000
0.3449477037769229
1000
0.3445658742905229
1000
1000
1000
1000
0.3489640097452829
1000
1000
1000
1000
1000
1000
1000
1000
1.3335093437492727
1000
1000
1000
1000
1000
1000
1000
1000
1000
1000
0.3429105534126335
1000
1000
1000
1000
1000
1000
1000
1000
1000
0.3448194738690535
1000
0.0
1000
1000
1000
1000
1000
0.1770821179712037
1000
1000
1000
1000
1000
1000
1000
0.3446591977877386
1000
1000
1000
1000
1000
1000
1000
1000
1000
1000
1000
1000
1000
0.34595775024711883
1000
1000
1000
1000
1000
1000
0.3469363801640738
0.0
1000
0.0
1000
0.34213372291077065
1000
1000
1000
1000
1000
1000
0.0
0.3472034417738218
1000
0.3426433748417679
1000
0.34866257325733163
0.0
1000
1000
1000
1000
0.17586723967664264
1000
0.34538305420143356
0.17509375495341029
1000
1000
0.34809092058289165
1000
1000
1000
1000
1000
1000
0.34879211880416544
0.0
1000
0.17706956420745756
1000
0.0
1000
1.33422538198592
1.3338129116732331
1.3337351649106148
1000
1000
1000
1000
1000
1000
0.0
1000
1000
0.17535132806508563
1000
1000
1000
1000
1.3339621990779835
1000
1000
0.34329373779252315
0.0
1000
1000
1000
1000
1000
1000
1000
0.17622865902576945
0.34796325365197106
1000
1000
1000
1000
1000
1000
1000
1000
1000
1000
0.0
1000
1.3339546755616674
1000
1000
1000
1.3342066198283646
1000
1000
0.17824344327842537
0.3424745574970614
1000
1000
1000
1000
1000
1000
1000
0.34600913099545777
1.3334336747280895
1000
1.3337737157618434
1000
1.3337302833127875
0.3470068695448744
1000
1000
1000
0.3471673507432289
1000
1000
1000
1000
1000
1000
1000
1000
1000
0.3472034616708978
1.33369952474071
0.0
0.3468826841225823
1000
1.3338236745709142
1000
1000
1000
1000
1000
1000
1000
0.0
1000
1000
1000
1000
1000
1000
1000
1000
1000
1000
0.3445090906793689
1000
1000
1000
1000
1000
1000
1000
1000
1000
1000
0.3476471737757794
1000
0.34558041949998863
1000
1000
1000
1000
1000
0.0
0.34729178900486346
0.34834437687933867
0.3498157767293082
1000
1.3337236810335493
0.17709385959908977
1000
1000
1000
1000
1000
1000
1000
1.3334317677351206
1000
1000
1000
1000
0.17693013146798306
1000
1000
0.1762940937227084
0.17764813367912913
1000
1000
1000
1000
1000
1000
1000
0.0
1000
0.34923970686972605
1000
1000
1000
0.0
1000
1.3334797073110551
1000
1000
0.3448279313472364
1000
0.0
1000
0.0
1000
1000
1000
0.17601604384956915
1000
0.34603375401814207
1.333436015942075
1000
1000
1000
1000
1000
1000
1000
1000
1000
1000
1000
0.0
1000
1000
1000
1000
1000
1000
1000
1000
1000
1000
1000
1000
0.3452877424762981
0.34519535191721284
1000
1000
1000
1000
1000
0.34521625214838353
1000
1000
1000
1000
1000
1000
1000
1000
0.34416838703835717
1000
1000
1000
1000
1.3341510232427132
0.34445685608409593
1000
1000
1000
1000
0.0
1000
1000
1000
1000
1000
1.3340165834139452
1000
1000
0.348918891956315
1000
1000
1000
1000
1000
0.0
0.0
1000
1000
1000
0.0
1000
1000
1000
1000
1000
1000
1000
0.0
0.0
1000
1000
1000
1000
1000
1000
0.0
1000
1000
1000
1000
0.34486529548146716
1000
0.34736391595185767
1000
1.3342125794447643
1000
0.34554961817746616
1000
1000
1000
1000
0.3471286877130053
1000
1000
1000
1000
1000
0.34548709862233556
1000
1000
1000
1000
1000
1000
1000
1000
1000
1000
1000
1000
1000
1000
1000
1000
1000
1000
0.346749344075088
1000
1000
0.0
1000
1.3339149492978493
0.0
1000
1000
0.17863945305295081
1000
1000
1000
1000
0.34831569332889495
1000
1000
1000
1000
0.17631635324868805
1000
1000
0.17804272635210386
0.0
1000
1000
1000
1.3340912369894526
1000
0.1771117272219553
1000
1000
1000
1000
1000
1.3339034606305236
0.0
0.0
1000
1000
0.3487826115052592
1000
1000
0.343818438636322
0.34485090494555687
1000
1000
1000
1000
1000
1000
1000
0.0
1000
1000
1000
1000
1000
1000
0.0
0.34372023001503205
1000
1000
0.17735993146452245
1000
1000
1000
1000
1000
1000
1000
1000
1000
1000
1000
1000
1000
1000
1000
1000
1000
1000
1000
1000
1000
1000
1000
1000
1000
1000
1.3337085200258523
1000
1000
1000
1000
1000
1000
1000
1000
1000
1000
1000
1000
1000
1000
1000
1000
0.3479546146373845
0.3494777904546869
0.0
1000
1000
0.0
0.34710264792598955
0.34134675312298285
0.3450660866679954
0.0
0.0
1000
1000
1000
1000
1000
1000
1000
1000
1000
1000
1.3343051179709071
1000
0.17822739291201808
1000
1000
1000
1000
1000
1000
1000
1000
1000
1000
1000
0.3458199770443558
1000
0.3456557003038073
1000
1000
1000
1000
1000
0.0
0.3467553638343604
1000
1000
1000
1000
1000
0.0
0.17833965261648488
1000
1000
1000
1000
1000
1000
1000
1000
1000
1000
1000
1000
1000
0.3437563310619711
1000
0.3482856089019173
1000
1000
1000
1000
1000
0.3483833505529162
0.0
0.34275125846842436
1000
1000
1000
1000
1.3340660819839258
1000
0.0
1000
1000
1000
1000
0.34593403973335857
1000
1000
1000
1000
1000
1000
1000
1000
1000
1000
1000
1000
0.3454607653066969
1000
1.3339814593094064
1000
1000
1000
1000
1000
1000
1000
1000
1000
1000
1000
0.34474161829288796
1000
1000
0.3478948553913635
1000
1000
1000
1000
1000
1000
1000
1000
1000
1000
1000
1000
0.0
1000
1000
1000
1000
1000
1000
1000
1000
1000
1000
1000
1000
1000
1000
1000
0.34437827019665956
0.34616934393430043
0.34516057383615223
0.3460404580804527
1000
1000
1000
1.3334335324374047
1000
1000
1000
1000
1000
1000
1000
0.342449377441607
1000
0.17786225034128378
1000
1000
1000
0.3483665411034684
1000
1000
1.3336268932564606
1000
0.0
1000
1.3338991301993035
1000
1000
1000
1000
1000
1000
1000
0.0
1000
0.34562865360712464
0.3436686507006552
0.3462005611359903
1000
0.1782826829372631
0.34906024734343416
1.3339576234610255
1000
1000
1000
1000
0.3432395844719307
1000
1000
1000
0.345175119067192
1000
1000
1000
0.0
1000
1000
1000
1000
0.3475564680073707
1000
1000
1000
1000
1000
1000
0.345706839530463
1000
1000
1000
1000
1000
1000
1000
1000
1000
1000
1000
1000
1000
1000
1000
0.0
1000
1000
1000
1000
0.3455423191244185
1000
1000
1000
1000
0.3469988507514048
1000
1.333399982339087
1000
0.3450641422918269
1000
0.34454865481621644
0.3420895021586975
1000
1000
1000
1000
0.0
1000
1000
1000
0.0
1000
1000
1000
1000
1000
1000
1000
1000
1000
1000
1000
1000
1000
1000
1000
0.34581460134317266
1000
1000
0.348044009210777
1000
1000
0.3426805082684486
1000
0.3443350786178011
1000
1000
1000
1000
1000
1000
1000
0.17631414140613905
1000
0.0
1000
1000
0.0
1000
1000
1000
1000
1000
1000
1000
1.3337016018446755
0.3464885379790394
1000
0.3466670788629322
1000
0.0
1.3333608300868407
1000
1000
0.34508661730921425
0.34565920270492034
1000
1000
1000
1000
1000
0.1744788184444307
1000
1000
0.3450318081089075
1000
1000
1000
0.34263981173404695
1.3335096170544292
1000
1000
1000
1000
1000
1000
1000
1000
1000
0.0
1000
1000
1000
1000
1000
0.34196929167171725
1000
1000
1000
0.0
1000
0.0
1000
1000
1000
1000
0.3422452387536885
0.3475931219546266
1000
1000
1000
0.3452124620770756
1000
1000
1000
1000
1000
1000
1000
1000
1000
1000
1000
1000
1000
1000
1000
0.1760342210305741
0.3479931509524524
1000
1000
1000
1000
1000
1000
0.34290223754542504
0.34849430031990064
1000
1000
0.34349022726813
0.3426333610291472
0.17658038544091414
1000
1000
0.17708535172329318
0.34278144170677066
1000
1000
1000
1000
0.0
1000
1000
1.3334192177264208
1000
1000
1000
0.1759398540297813
1000
1000
0.0
0.34461566663789683
0.0
1000
1000
1000
1000
1000
0.0
0.344123202409824
1000
1000
1000
1000
1000
1000
1000
1000
1000
1000
1000
1000
1000
1000
1000
1000
1000
1000
1000
0.3465760206437969
1000
1000
1000
1000
1000
1000
0.3438644500389242
0.0
1000
0.3479064312373032
1000
1000
1000
0.3470354219717263
1000
0.1779463290760172
1000
0.34586623719461457
1000
1000
1000
1000
0.34406324903412816
1000
1000
1000
1000
1000
1000
1000
1000
1000
1000
1000
0.17693517123603336
1000
1000
1000
0.17856277044489874
1000
1000
1000
1000
1000
1000
1000
1000
1000
1000
1000
1000
1000
1000
1000
1000
0.3448089129805015
1000
0.0
0.0
1000
1000
1000
1.3341403099720752
1000
1000
1000
1000
1000
1000
1000
0.0
1000
0.34615159497423803
1000
1000
0.34550096710034855
1000
1.333513346696234
1.3339672259686555
0.0
1000
1000
1000
1000
0.0
1000
1000
1000
1000
1000
1000
1000
0.0
1000
1000
1000
1000
1000
1000
1000
1000
1000
1000
1000
1000
1000
0.34681705962852916
0.3484607672665091
1000
1000
1.3340191279530575
1000
1000
1000
1000
1000
1000
1000
0.34132529108787707
1000
1000
1000
1000
1000
1000
0.3477182352471899
1000
1000
1000
1000
1000
1000
1000
1000
0.3418941953203639
0.3454439777146324
1000
1000
1000
1000
1000
0.17697098631328656
1000
0.0
1000
1000
1000
1000
1000
1000
1.3341839756595093
1000
1000
1000
1000
0.0
0.3491420180934781
1000
1000
1000
1000
1000
1000
0.3425342970016273
1000
1000
1000
1000
1000
0.1764107131676455
1000
1000
1000
1000
1000
0.34980281376451855
1000
1000
1000
1000
0.3440420016224565
1000
1000
0.34413182704753065
0.34483387102975693
1000
1000
0.3440660095066829
0.3442753606211506
1000
0.34699158632641486
1000
1000
0.3487929694994169
0.0
1000
1000
1000
1000
1000
1000
1000
1000
0.17618333990283913
0.34560383756613017
1000
1000
1000
1000
1000
1000
1000
1000
1000
1000
1000
1000
1000
1000
1000
1000
0.1786609713138726
1000
1000
1000
1000
0.346066261411064
1000
1000
1000
1000
1000
0.3467676261242465
1000
1000
1000
1000
1000
1000
1000
1000
1000
1000
1000
1.333754162199591
1000
1000
1.3334267913342501
1000
1000
1.3336006143472847
0.3462476652558012
1000
1000
1000
1000
1.3342931265323013
1000
1000
0.17913788230431538
1000
1000
1000
1000
0.0
1000
1000
1000
0.0
1000
0.3437507310680549
1000
1000
1000
1000
1000
1000
0.3430896607401113
0.17532338685757587
1000
1000
0.3463185510595194
0.0
1.334184523481641
0.17610097090080487
1.3339330972364596
1000
0.3455325503722533
1000
1.3336855291276353
1000
1000
1000
1000
0.34161881640678565
1000
1000
0.34527758869570563
1000
1000
1.333727578338048
1000
1000
1000
1000
0.3473548224367353
1000
1000
1000
1000
1000
1000
1000
1000
1000
1000
1000
1000
1000
1000
1000
1000
1000
1000
1000
1000
0.3453588226081607
1.3336080400490806
1000
1000
1000
1000
1000
1000
1000
1000
1000
1000
0.0
1000
0.34274764953682085
1000
1000
1000
1000
0.0
1000
0.3426854394316606
1000
1000
1000
1000
1.3337808429263232
0.0
1000
1000
1000
1000
1000
0.0
1000
1000
1000
0.3483043062396409
1000
1000
0.3440227993305457
1000
1000
1000
1000
1000
1000
1000
1000
1000
1000
1000
1000
1.333508356289026
1000
0.34592494356115205
1000
1000
0.34568613582074975
0.0
1000
0.0
0.3480670810289486
1000
1000
1000
1000
1000
1000
1000
0.0
1000
0.17528271144888138
1000
0.0
0.17774142292764608
1000
1000
0.3432159202163134
1000
0.0
1000
1000
1000
1000
1000
0.3450766174741039
0.3482397561784301
0.3446037867374271
1000
1000
1000
1000
1000
0.3471028734637273
1000
1000
1000
1000
1000
1000
1000
1000
0.34937554233427065
1000
1000
0.34471826211576717
1000
1000
0.34497090449422946
1000
1000
1000
1000
1000
1000
1000
0.3490544868414315
0.0
1000
1000
1000
1000
1.3334797959656954
1000
1000
1000
1.3341773640174406
1.3342026279861186
0.3434989020475968
1000
0.17740699533557813
1000
1000
1000
1000
1000
1000
0.0
1000
0.34493479623086953
1000
1000
1000
1000
1000
0.17699761189594215
1000
1000
1000
1000
1000
1000
1000
0.3435514128158037
1000
1000
1000
1000
1000
1000
1.333959902256381
1000
1000
1000
1000
0.0
1000
1000
1000
1000
1000
1000
1000
1000
1000
1000
1000
0.0
1000
0.0
1000
1000
0.0
1000
1000
1000
0.3463779881239021
1000
1000
1000
1000
0.34711392514322426
1000
1000
1000
1000
1000
1000
1000
1000
0.0
1000
1000
1000
1000
1000
1000
1000
1000
0.0
1000
1000
1000
1000
1000
1000
1000
1000
1000
1000
1000
1000
1000
1000
0.17805315903987995
1000
1000
0.0
0.3473018349944113
1000
0.0
1000
1000
1000
0.34732273109491146
1000
1000
1000
0.0
1000
1000
1000
1000
0.3419362668625084
1000
1000
1000
1000
1000
1000
1000
1000
1000
1000
1000
1000
1000
1000
1000
1000
1.334181055473986
1000
1000
0.0
1000
1000
1000
1000
1000
1000
1000
1000
1000
1000
1000
1000
1000
1000
1000
1000
1000
1000
0.0
1000
1000
1000
1000
0.0
1000
1000
1000
1000
1000
1000
1000
1000
1000
1000
1000
1000
1000
1000
0.34652913798867035
0.0
1000
0.34585073446036246
1000
1000
1.3340200427955782
0.3447049644688737
1000
0.3484915828423592
1000
0.17715099826042557
0.3448458012555848
1000
1000
1000
1000
1000
1000
1000
1000
1000
1000
1000
1000
1000
0.3420137507804685
1000
0.1763962365118053
1000
0.3471919937719069
1.334294689766174
0.0
1000
1000
1000
0.0
1000
1000
1.33357088902999
1000
1000
1000
1000
0.3489885489452802
1000
0.0
1000
1000
1000
0.3434088192580875
1000
0.0
1000
1000
1000
1000
0.17731592464270388
0.0
1000
0.0
0.34599825325908384
1000
1000
1000
1000
1000
1000
1000
1.333907957144737
1000
1000
1000
1000
1000
1000
1000
1000
1000
1000
1000
1000
0.1766394901404713
1000
1000
1000
1000
1000
1000
1000
1000
1000
1000
1000
1000
1000
0.0
1000
1000
1000
1000
0.3470006977668226
1.3342362261726266
1000
0.17475480833814225
1000
1000
1000
1000
1000
1000
1000
1.3341040040505605
1000
0.34259396324827934
1000
1000
1000
0.34820872425094324
1000
1.3336279958703026
1000
1000
1000
1000
1000
1000
1000
0.3478505348525977
1000
1000
0.1764944214622014
0.0
1000
1000
1000
1000
1000
1000
1000
1000
1.3342936106118075
0.0
1000
1000
1000
1000
1000
0.17481397393298248
1000
0.17806270250341105
1000
0.3438425274377269
1000
1000
1000
1000
1000
1000
1000
1000
0.0
0.0
1000
1000
1000
1.333691898274945
0.0
1000
1000
0.0
0.0
0.17802730581343906
1000
0.0
1000
1000
1000
1000
1000
1000
1000
1.3343271355910047
1000
1000
1000
1000
1000
1.3333389260607706
1000
1000
1000
1000
1000
1000
1000
1000
1000
1000
1000
1000
1000
0.0
0.1763872372497129
0.3426144578476881
0.17617664700904714
1000
1000
1000
1000
0.0
1000
1000
0.34661762844568034
1000
1000
1000
1000
1000
1000
1000
1000
1000
0.3487507221141151
1000
1.3340985988867642
1000
0.0
0.0
1.3343101519803588
0.3461251098709161
0.0
1000
0.0
1000
1000
0.1789677762725389
0.344860962474243
0.3420195967083154
1000
1000
1000
1000
1000
1000
1000
1000
1000
1000
1000
1000
1000
1000
1000
1000
1000
1000
1000
1000
1000
1000
0.0
1000
0.3455040471259441
1000
1000
1000
0.3484698600198779
1000
1000
1000
1000
1000
1000
1000
1000
0.34420412287430996
1000
1000
1000
1000
1000
0.3472179469721035
1000
1000
0.0
1000
0.3440861415184515
1000
1000
1000
1000
1000
1000
1000
1000
0.0
1000
1.3340062833985629
1000
1000
1000
1000
0.3419793884640364
1000
1000
0.34436479454571933
1000
1000
1000
1000
1000
0.3444686063652518
1000
1000
1000
1000
1000
1000
1000
1000
1000
1000
1000
0.34576794899847035
1000
1000
1000
1000
1000
1000
1000
1000
0.0
1000
0.0
0.3465303561722104
1000
1000
0.3490376758776041
1000
1000
1000
1000
0.0
1000
0.17646017380022808
1000
0.3418057042282683
1000
1000
1000
1000
1000
1000
1000
1000
1000
1000
1000
1000
0.1755560861910188
1000
1000
1000
1.3342636546713227
1000
1000
1000
1000
0.3443382311760323
0.34612016267085666
0.0
1000
1000
1000
1000
1000
1000
1000
0.0
1000
1000
1000
1000
0.0
0.3424180340690948
1000
0.0
1000
1000
1000
1000
1000
0.3461975777767691
1000
1000
1000
1000
1000
1000
1000
1.3336562934920186
1000
1000
1000
0.34481827156958655
1000
1000
0.0
1000
1000
1000
1000
1000
1000
1000
1000
0.0
1000
0.3440535762216325
0.34414141830721445
1000
1000
1000
1000
1000
1000
1000
0.17684545776710828
1000
1000
0.3472568683742165
1000
1000
1000
1000
1000
1000
1000
1000
1000
1000
0.34462342421196895
1000
1000
1000
1000
1000
1000
1000
1000
1000
1000
0.34542066090340917
1000
1000
1000
1000
1000
1000
1.3340388864852604
1000
1000
1.3339344601100536
1000
1000
1.3342366616809962
1000
1000
1000
1000
1000
1000
0.3440964669840384
1000
0.0
1000
0.34946671897540643
1000
1.3337559363682623
1000
0.3455566747664953
1000
0.34447331711703383
0.34899619380033237
0.3460074596547479
1000
1000
1000
1000
0.0
1000
1000
1000
1000
0.34527830480336164
1000
1000
1.3341163886147342
1000
0.0
1000
0.3441556806622309
1000
1000
1000
1000
1000
1000
1000
1000
1000
1000
1.333972759511157
1000
1000
0.0
1000
0.343863483723088
1000
1000
1000
1000
1000
1000
1000
1000
1000
1000
1000
1000
1000
1000
1000
1000
1000
1000
1000
1000
1000
0.177896704883212
1000
1000
1000
1000
1000
1000
1000
1000
1000
0.34958203742935595
1000
1000
1000
1000
0.341741444432105
1000
1000
1000
1000
0.1782619690200719
0.3463241909710073
0.17829638630889208
1000
0.1758682218372247
1000
1000
1000
1000
1000
1000
1000
1000
1000
1000
1000
1000
0.3443410296548999
1000
1000
1000
1000
1000
1000
1000
1000
0.34377937861950125
1000
0.17680054752337465
1000
1000
1000
1000
1000
0.3471159815976424
1000
1000
1000
0.17885014424474757
1000
1000
1000
0.3475752603632582
1000
1000
1000
1000
1000
1000
1000
1000
1000
1000
0.175285917052263
1000
0.3483635444697978
1000
1000
1000
1000
1000
1000
0.17790170363366495
1000
1000
1000
1000
1000
1000
1000
1000
0.1769274827505852
0.34656398624606805
1000
1000
1000
1000
1000
1000
1000
1000
1000
0.17724874292200965
1000
1000
1000
0.34769348487128415
1000
1000
1000
1000
0.34314507105093356
1000
0.34540326288182643
1000
1000
1000
1000
0.17616034571663805
1000
1000
1000
1000
1000
1000
1000
1000
1000
1000
1000
0.34657144906200293
1000
1000
1000
1000
1000
1000
1000
0.3453049167904645
1000
1000
1000
1000
0.3439663443546407
1000
1000
0.34601596738430707
0.3431427358347519
1000
1000
0.34287609190162854
1000
1000
1000
1000
1000
1000
1000
0.34835073822389184
0.3469901807338311
1000
1000
0.3479030509646128
1000
1000
1000
1000
0.3436538885080018
1000
1000
1000
1000
1000
0.34242312761423843
1000
1000
1000
1000
1000
1000
1000
1000
0.3472501099898133
1000
1000
0.3426473565842767
1000
1000
0.34624752677426474
1000
1000
1000
1000
0.3489223748079512
1000
1000
1000
1000
1000
1000
1000
1000
1000
1000
1000
1000
1000
1000
1000
1000
1000
1000
1000
1000
1000
0.3442871070767467
0.1751388035159548
1000
1000
1000
1000
1000
1000
1000
0.17727960909968793
1000
1000
0.34425846800724125
1000
1000
0.3431339047588669
1000
1000
1000
1000
0.3475567821342416
1000
1000
1000
1000
1000
1000
1000
1000
1000
0.3451012416882845
0.1757718354759641
1000
0.34332316765572085
1000
1000
1000
1000
1000
1000
0.3425403870556422
1000
0.34609278054955817
1000
1000
1000
1000
1000
1000
1000
1000
1000
0.17529597523194823
0.3431981731109933
1000
1000
1000
1000
0.3417281318298522
1000
0.34867118079111437
1000
1000
1000
0.3431731018954883
0.343733703309558
1000
1000
1000
0.34600191418523984
1000
1000
1000
1000
1000
1000
1000
1000
0.3471260408104678
1000
0.17715985250378408
1000
1000
1000
1000
1000
1000
1000
1000
1000
0.17700670721257844
1000
0.3463460818290006
1000
1000
1000
1000
1000
1000
1000
1000
0.17678353152521464
0.34860992231956883
1000
1000
1000
1000
1000
1000
1000
1000
1000
1000
1000
1000
1000
1000
1000
1000
1000
1000
0.34567502367861824
1000
1000
1000
0.342981261084912
1000
0.3481253065560158
1000
1000
1000
1000
1000
1000
1000
1000
0.1769260229261118
1000
1000
1000
1000
1000
1000
1000
1000
0.3474880220271276
1000
1000
1000
1000
0.34498549139427065
1000
0.3461032286452507
1000
1000
1000
0.34484472926695836
1000
1000
0.34851137742052923
1000
1000
0.34567022239838724
1000
1000
1000
1000
1000
1000
0.3475650880126114
1000
1000
1000
1000
1000
1000
0.1784587919364481
1000
