1000
0.6651647787997699
1000
1000
1000
1000
0.6684910696884963
1000
1000
0.3389508498373551
1000
1000
1000
1000
1000
1000
1000
1000
1000
1000
1000
1000
1000
1000
1000
1000
1000
1000
1000
1000
1000
1000
1000
0.6647304972332451
1000
1000
1000
1000
0.668204467158223
1000
0.6669221174234786
1000
1000
1000
1000
0.6627331554308192
1000
1000
1000
1000
0.6672661892570211
1000
1000
1000
1000
0.6658900522053316
1000
1000
1000
0.6641817558598269
1000
1000
1000
1000
1000
1000
1000
1000
1000
1000
1000
1000
1000
0.6617881729517603
1000
1000
1000
1000
1000
1000
0.6645142005415138
0.6644300227289222
0.6655133221653361
1000
1000
1000
0.6662794116605083
1000
1000
1000
1000
1000
1000
1000
1000
1000
1000
0.6655222429056014
0.6658077731653302
1000
1000
0.3357665801060985
1000
0.3377999049403874
1000
0.6635536166915479
1000
1000
1000
1000
1000
1000
0.6659066569921823
0.666654806418925
0.6636928456393486
1000
1000
1000
0.6645891651113824
1000
1000
1000
1000
0.6672596743830582
1000
0.6664038127933326
0.6625155806343322
1000
1000
1000
1000
1000
1000
1000
1000
1000
1000
1000
0.3385518109912974
1000
1000
0.6653789806697245
1000
1000
0.6644734200158836
0.6635382769613944
1000
1000
1000
0.6669598263913166
1000
1000
0.6646016703301293
1000
1000
1000
1000
1000
1000
1000
1000
1000
1000
1000
1000
1000
0.33484096875624675
1000
1000
1000
0.6629471939776285
1000
0.3356360403099665
1000
0.6645195198460907
0.6652288176659369
1000
1000
1000
1000
1000
1000
0.3366705245270823
0.6650503563060962
0.3395662818674489
1000
1000
1000
0.33462540294317555
1000
1000
1000
0.6654381992637096
1000
1000
1000
0.663620379523209
0.6649151753574448
1000
0.6665875172771029
1000
0.663334720978298
1000
1000
1000
0.6683902697280739
0.6650609154708519
1000
1000
1000
0.6637434150871396
1000
1000
1000
1000
0.33868148814995125
1000
1000
0.6621905476039656
0.3374500151091797
1000
1000
1000
1000
1000
1000
1000
1000
1000
1000
1000
1000
1000
1000
1000
1000
0.33684842263663084
1000
1000
1000
0.6694127489127703
1000
1000
1000
1000
1000
1000
1000
1000
1000
1000
1000
0.6636407599528337
1000
1000
1000
1000
1000
1000
1000
1000
1000
1000
1000
1000
1000
1000
1000
1000
0.3381463082610969
1000
1000
1000
1000
1000
1000
0.661994051512463
1000
1000
0.3395710614678561
1000
1000
0.33677531329708393
1000
0.3375659442230112
0.6658648031372132
0.6655611566934377
1000
1000
1000
1000
1000
1000
1000
1000
1000
0.6668328247021524
1000
1000
1000
1000
1000
1000
1000
0.3356096302569488
1000
1000
0.6645891850417786
1000
1000
1000
1000
0.33594843852439693
1000
1000
1000
1000
1000
1000
1000
1000
1000
1000
1000
1000
1000
1000
1000
1000
1000
1000
1000
1000
1000
1000
1000
1000
1000
1000
1000
1000
1000
1000
0.6697002638891261
1000
1000
0.6670140928617271
1000
0.0
0.6631360067283548
1000
1000
1000
1000
1000
1000
1000
1000
1000
1000
1000
0.6649478511746717
1000
0.6632620169125283
1000
0.6624949801616002
1000
1000
1000
1000
1000
1000
1000
1000
1000
1000
1000
0.6616017310504525
1000
1000
0.6674920748579414
0.6687891310934512
1000
0.0
1000
1000
0.6615374591590332
1000
0.6620565215561499
0.33901438439403103
1000
1000
1000
1000
1000
1000
1000
1000
1000
1000
1000
1000
0.3371077331918799
0.33785537027101814
1000
1000
0.6663648359790276
1000
1000
0.33658324594539957
1000
1000
1000
1000
1000
1000
1000
1000
0.33863472901435965
1000
1000
1000
1000
1000
1000
1000
1000
1000
1000
1000
1000
1000
0.6628035552153652
1000
1000
1000
1000
0.6655536770781826
0.6645201984976631
1000
1000
0.6639165294425371
1000
1000
1000
1000
1000
1000
1000
1000
0.6668274807251576
0.6654491425018956
0.6644062618024168
1000
1000
0.6644299278996054
1000
1000
1000
1000
1000
1000
1000
1000
1000
0.6681275152938635
1000
1000
1000
0.0
1000
1000
1000
1000
1000
1000
1000
1000
1000
1000
1000
1000
1000
1000
1000
1000
0.6639432799275073
1000
0.662179165136995
1000
1000
1000
1000
1000
1000
1000
1000
1000
1000
0.6632429923832603
1000
1000
1000
0.664123089018657
0.6647971105800055
1000
1000
1000
1000
1000
1000
1000
0.665637707023268
1000
1000
1000
1000
1000
1000
1000
1000
1000
1000
0.665303370853811
1000
1000
1000
1000
1000
0.33608379422520457
1000
0.6661178627228391
0.6630012150905243
1000
1000
1000
1000
1000
1000
1000
1000
1000
1000
1000
0.33927362492718127
0.6631319843290195
1000
1000
1000
1000
1000
1000
1000
1000
1000
0.6637791412442052
1000
1000
1000
1000
1000
1000
1000
1000
0.6655117204400789
1000
1000
1000
1000
1000
1000
1000
1000
1000
1000
1000
1000
1000
1000
1000
1000
1000
1000
1000
1000
0.0
1000
1000
1000
1000
1000
1000
1000
1000
0.6639988173994433
1000
0.666145030824526
1000
1000
1000
1000
1000
1000
0.0
1000
1000
1000
1000
0.6639092186393181
0.6666685954621983
1000
1000
1000
1000
1000
1000
1000
0.6652531003352067
0.6660976040686362
1000
1000
0.6651259431901395
1000
0.6682491337954201
1000
1000
1000
1000
1000
1000
1000
1000
1000
0.6623294885878824
1000
1000
0.6664539774704593
0.6646004836221971
1000
1000
1000
1000
1000
1000
1000
1000
1000
1000
1000
1000
1000
1000
1000
1000
1000
1000
0.6637743497804497
1000
1000
1000
1000
1000
1000
1000
1000
1000
0.6636704436772164
1000
1000
1000
1000
1000
1000
1000
1000
1000
1000
0.33582620025411836
1000
1000
1000
1000
0.0
1000
1000
1000
0.6672881514191625
1000
1000
0.33619357137479
1000
1000
1000
0.6671374291169018
1000
0.0
1000
0.6697872188670965
1000
1000
1000
1000
1000
1000
1000
0.3374854613190709
1000
0.6633327689678806
0.0
1000
1000
0.0
1000
1000
1000
1000
0.6646695755312024
1000
1000
0.667394904571933
1000
0.6655980951141204
1000
1000
1000
1000
1000
1000
1000
1000
0.6646372345992658
1000
1000
0.3379290583967808
1000
1000
1000
1000
1000
1000
1000
1000
1000
1000
1000
1000
1000
1000
1000
1000
0.3392349071692994
1000
1000
1000
1000
1000
1000
1000
1000
1000
1000
1000
1000
1000
1000
1000
0.6651901005102627
1000
1000
0.6629509124732849
1000
1000
0.6690272270564495
1000
1000
1000
1000
1000
1000
1000
1000
1000
0.6659469537711886
1000
1000
1000
1000
1000
1000
1000
1000
1000
0.0
0.6662615070220015
1000
1000
1000
0.6632046715162945
1000
1000
0.66294815189217
1000
1000
0.6632545204419792
1000
1000
1000
1000
1000
1000
1000
1000
1000
1000
1000
1000
1000
0.3386360682081965
1000
1000
1000
1000
1000
1000
1000
1000
1000
1000
0.6661802293075963
1000
1000
1000
1000
1000
1000
1000
0.0
1000
1000
0.6673348297864327
1000
1000
1000
1000
1000
1000
1000
1000
1000
1000
1000
1000
1000
1000
1000
1000
1000
0.6670890519771088
1000
1000
1000
1000
1000
0.6643772816097412
1000
1000
1000
1000
1000
1000
1000
1000
0.0
0.3367710010516692
1000
0.663550268395897
1000
1000
0.6664858733383229
1000
1000
1000
1000
0.6646920926577083
1000
1000
1000
1000
1000
1000
1000
1000
1000
1000
1000
1000
1000
1000
1000
1000
0.0
1000
2.6674741922564893
2.666673928954965
0.33710243003801654
1000
1000
1000
1000
1000
1000
0.6633101203703557
1000
1000
1000
1000
1000
1000
1000
1000
1000
1000
1000
1000
0.6665504004194168
1000
1000
1000
1000
1000
1000
1000
1000
1000
1000
1000
0.6618754831938398
0.6659910259133593
1000
1000
1000
0.6628699225869872
1000
1000
1000
1000
1000
1000
1000
1000
1000
1000
1000
1000
0.6659470486019343
1000
1000
0.3351843051651513
1000
1000
1000
1000
1000
1000
0.6687525796067807
1000
1000
1000
1000
1000
0.3366811991004415
0.6632601526502944
1000
1000
1000
1000
1000
1000
0.6667728628065812
1000
1000
1000
1000
1000
1000
1000
1000
1000
1000
1000
1000
0.6630686243111955
1000
1000
1000
1000
0.33706693154580847
1000
0.6683657436823599
1000
1000
2.6675944128641684
0.6630677046590098
1000
1000
1000
1000
1000
1000
2.6667542389534753
1000
0.3374515881001411
1000
1000
1000
1000
1000
1000
1000
1000
1000
1000
1000
0.662043864666053
1000
1000
1000
1000
1000
1000
0.6642686689149145
1000
1000
0.6626611307420008
1000
0.6631427495915971
1000
1000
1000
1000
1000
1000
1000
0.3340401172689296
1000
1000
1000
1000
1000
2.6672760826970543
1000
1000
1000
1000
1000
1000
1000
1000
0.6677380636716977
1000
1000
0.33787952606546545
1000
0.337342408853765
1000
1000
1000
1000
0.338512605499093
1000
1000
1000
1000
1000
1000
1000
1000
1000
1000
1000
1000
1000
1000
1000
1000
1000
1000
1000
1000
0.6622948702926414
1000
0.667635456089238
0.3360385037613659
1000
1000
0.6632504667254744
1000
1000
1000
1000
1000
1000
1000
1000
1000
1000
1000
1000
1000
1000
1000
1000
1000
1000
1000
1000
2.667616798023786
1000
1000
0.6657227256314282
1000
1000
1000
0.663349411821508
1000
1000
1000
0.0
1000
1000
1000
1000
0.33973867188599743
1000
1000
1000
1000
1000
0.6649414312128311
1000
1000
2.6675942517040827
1000
1000
1000
1000
1000
0.6663685514531525
1000
0.6659891039486803
0.6642480804646087
1000
1000
1000
0.3381197803440135
1000
1000
1000
1000
1000
0.33872961288636216
1000
0.6626645477548918
1000
1000
0.33457491750033663
1000
1000
1000
1000
1000
1000
1000
1000
1000
1000
1000
1000
1000
0.6661504914918288
1000
1000
1000
1000
1000
1000
1000
1000
1000
1000
1000
1000
1000
1000
2.66668928443454
1000
1000
1000
1000
1000
1000
1000
1000
0.6640723777484924
1000
1000
1000
1000
1000
1000
0.665560617188401
1000
1000
1000
1000
1000
1000
0.0
1000
2.667140991169776
0.6654170032913984
1000
1000
1000
1000
1000
1000
1000
1000
0.0
1000
1000
0.6680705938760159
1000
1000
1000
1000
1000
1000
1000
1000
1000
1000
0.0
1000
1000
1000
1000
1000
1000
1000
1000
1000
0.6641551229128831
1000
1000
1000
1000
1000
1000
1000
1000
1000
1000
1000
1000
1000
0.6641038700896627
1000
1000
1000
1000
1000
1000
1000
1000
1000
1000
1000
1000
1000
1000
1000
1000
1000
1000
1000
0.3368373926653175
0.666439774895182
1000
1000
1000
0.3362144386891713
0.661778975584961
0.6645545780444939
1000
1000
1000
1000
1000
1000
1000
1000
1000
1000
1000
1000
1000
1000
1000
1000
1000
1000
1000
1000
1000
1000
1000
1000
1000
1000
1000
0.33660604495159535
0.6684641619997077
1000
1000
1000
1000
1000
1000
1000
1000
1000
0.3359558274912315
1000
1000
1000
1000
1000
0.6654657046435113
1000
0.6668039303222988
1000
1000
1000
0.6657997454292942
1000
1000
1000
0.666631940662054
1000
1000
1000
1000
1000
1000
1000
1000
0.6632659742472369
2.6670878599402545
2.667277439481332
1000
1000
1000
1000
1000
1000
1000
1000
0.0
0.6670480176589227
0.3355088873045821
1000
1000
0.6632625275978026
1000
1000
1000
0.3387080287579412
1000
1000
0.3349107350192148
1000
1000
1000
1000
0.6682725090421191
1000
2.6669994582411283
1000
1000
1000
1000
1000
0.6684570246344783
1000
1000
0.664356909234133
1000
1000
1000
1000
1000
0.33727200251479694
1000
1000
1000
1000
0.6635436270641724
1000
1000
1000
1000
1000
0.0
1000
1000
0.33634303580278035
1000
1000
1000
1000
1000
1000
1000
1000
1000
0.3378038850713624
0.6669577202057514
1000
1000
1000
1000
1000
0.0
0.33732466789827287
1000
1000
1000
1000
1000
1000
1000
1000
0.6639852898257879
1000
1000
1000
1000
1000
1000
1000
1000
1000
1000
1000
1000
0.6636612069032279
0.0
1000
1000
1000
1000
1000
1000
1000
1000
0.3342385530579497
1000
1000
1000
1000
0.6616844154318066
1000
0.6632356228165275
1000
1000
1000
0.6664878111706701
1000
0.6657122043587516
1000
0.6623147956450093
1000
1000
1000
0.6668321869480778
1000
1000
1000
0.6685360102856691
1000
0.669130964198156
1000
1000
1000
1000
0.0
1000
1000
2.6669723718949876
1000
1000
1000
1000
0.6661676073655093
1000
0.6664805148320887
1000
0.0
1000
1000
1000
1000
0.6621937429249907
1000
1000
1000
1000
1000
1000
0.6661638482615109
1000
1000
1000
1000
1000
1000
0.6673379144860645
0.6637709317036743
1000
1000
1000
0.6625331358880613
1000
2.6671830000137873
1000
1000
0.0
1000
1000
1000
1000
1000
1000
1000
1000
1000
1000
1000
1000
1000
1000
1000
0.667431218034179
0.6637365876610458
1000
1000
1000
1000
0.6668027704274432
1000
1000
1000
1000
1000
0.33733526950613635
1000
1000
0.6655493901213128
1000
1000
0.6629381384332809
1000
1000
1000
1000
1000
1000
1000
1000
2.667014443846589
1000
1000
1000
0.336913799854265
0.6651762227149763
1000
1000
1000
1000
1000
1000
1000
1000
1000
2.6673622055243116
0.3358305556788941
1000
1000
1000
1000
0.6686526698834552
1000
1000
1000
1000
0.6647975181921305
1000
1000
1000
0.6646978313812143
1000
1000
1000
2.6673570546927228
1000
1000
1000
1000
1000
1000
1000
0.6655764541313632
1000
1000
1000
1000
0.6644744961287536
1000
1000
1000
1000
0.661614497969882
1000
1000
1000
1000
1000
1000
1000
1000
1000
1000
1000
1000
1000
1000
1000
1000
1000
1000
1000
0.3370760575970187
1000
0.33924355253417715
0.666206452150615
1000
1000
1000
1000
1000
1000
1000
1000
1000
1000
1000
1000
1000
1000
1000
1000
1000
1000
0.6678285239396149
0.6681869821002805
0.6655035543426171
0.666639945623853
1000
0.6682759047638334
2.666820983932694
1000
1000
1000
1000
1000
1000
1000
1000
1000
1000
1000
1000
0.6674705629663329
1000
1000
1000
1000
1000
1000
1000
1000
1000
1000
1000
1000
1000
1000
1000
1000
1000
1000
1000
1000
1000
1000
1000
1000
1000
0.6653374928397027
1000
1000
1000
0.6649871254631264
1000
1000
1000
1000
1000
1000
1000
1000
1000
0.6675193018391561
1000
1000
1000
1000
1000
1000
1000
1000
1000
1000
1000
1000
1000
1000
1000
1000
0.6636737978146947
1000
1000
1000
1000
1000
1000
1000
0.6673767669143695
2.6667721490473637
1000
1000
1000
1000
0.6692331934362493
0.3378232565358647
1000
1000
1000
0.0
1000
1000
1000
1000
1000
1000
1000
1000
1000
1000
1000
1000
1000
1000
0.0
1000
1000
1000
1000
1000
1000
1000
1000
2.6676371101761416
1000
1000
1000
1000
0.3374755515621025
1000
0.6657665028797938
1000
0.0
0.6630862059681655
1000
1000
1000
0.3365031539427845
1000
1000
0.666339393448834
1000
0.6684443452321166
1000
0.6673741678572267
0.6626271121886691
0.6656281222109244
2.667102798734272
1000
1000
1000
0.6640386085069414
1000
1000
1000
1000
0.6625937621135645
1000
1000
1000
1000
1000
0.6674358066158589
1000
1000
1000
1000
1000
1000
1000
1000
1000
0.0
1000
1000
1000
1000
0.6654099446561191
1000
1000
1000
1000
1000
1000
1000
1000
0.663127574640047
1000
0.6646854383660309
1000
1000
1000
1000
1000
1000
0.6672521041536983
1000
1000
0.3360242677864437
1000
0.6632930247684217
1000
1000
0.336238074470959
1000
1000
1000
1000
1000
1000
1000
1000
0.6644039075630586
1000
1000
1000
1000
1000
1000
1000
1000
1000
0.6676143082478292
1000
1000
1000
1000
1000
1000
1000
1000
1000
0.33730486795524833
1000
1000
1000
1000
1000
1000
1000
1000
1000
0.6657491790881498
1000
1000
1000
0.6614101218540002
1000
1000
1000
0.665549179871325
1000
1000
1000
1000
1000
1000
2.6676127426678495
1000
1000
1000
1000
1000
1000
0.0
1000
0.6668024153190931
2.6671124866939477
1000
1000
1000
1000
1000
1000
0.3354651902846371
1000
0.6652469587401203
1000
1000
1000
1000
1000
0.6638531598836713
1000
1000
1000
1000
1000
1000
2.666817267137803
1000
1000
1000
1000
1000
1000
1000
1000
1000
1000
1000
1000
1000
0.6639547869449031
1000
0.666756377937122
1000
1000
1000
1000
1000
1000
0.0
0.6659993680278804
1000
1000
1000
1000
1000
1000
1000
1000
1000
1000
1000
0.3353673247064165
1000
1000
1000
1000
1000
1000
1000
0.6650115473227041
1000
0.6665171599684492
0.6679889937009749
1000
0.6624665685436637
0.6682977134325627
1000
1000
1000
1000
1000
1000
2.6674959862354917
1000
1000
1000
0.6666074041551412
1000
1000
1000
1000
0.6666876820869699
1000
2.6673374183658596
0.662893648053788
1000
1000
0.33780047324904405
1000
1000
1000
1000
1000
1000
0.6668913390181594
1000
1000
1000
1000
1000
1000
1000
0.3372693259183339
1000
1000
1000
1000
1000
1000
1000
1000
0.6651499627943609
0.6654648181683894
0.6652483844908161
2.666811007291261
1000
1000
1000
0.0
0.6614669286682765
0.3366515568050775
1000
0.6631501958949856
1000
1000
1000
1000
1000
1000
1000
1000
1000
1000
1000
1000
1000
0.0
1000
1000
1000
0.6682449996023044
1000
1000
1000
1000
1000
1000
1000
1000
1000
1000
1000
1000
1000
1000
1000
1000
0.3352212020350389
1000
1000
1000
1000
1000
1000
0.6657190204544524
1000
1000
1000
1000
1000
0.667383565690036
1000
0.6621429648133614
1000
2.6675422889666085
1000
1000
1000
1000
1000
1000
1000
0.33875865996411886
0.668843887300313
0.6657260357300544
1000
1000
1000
1000
1000
1000
1000
1000
1000
1000
1000
1000
1000
1000
1000
1000
1000
1000
1000
0.3351518629009349
1000
1000
1000
1000
0.0
1000
1000
1000
1000
0.6632674455515538
1000
1000
1000
1000
1000
1000
1000
0.3360034313357265
1000
1000
1000
1000
1000
1000
1000
1000
2.6669120538586566
1000
1000
0.6635719691348981
1000
1000
1000
1000
1000
1000
1000
1000
1000
1000
1000
1000
1000
1000
1000
0.3367168625722047
1000
1000
0.6677569353630963
1000
1000
1000
1000
1000
1000
1000
0.0
1000
1000
1000
1000
0.664159829636353
1000
1000
0.6659334534666421
1000
1000
1000
0.6643385802428591
1000
0.6686960277557104
1000
1000
1000
1000
1000
1000
1000
1000
1000
1000
1000
1000
1000
1000
0.0
0.6645920375283989
1000
0.0
0.6646842779078584
1000
1000
1000
1000
1000
1000
0.6624712824058717
1000
2.6674579565840473
0.33700635300348614
2.6676379726692767
0.0
1000
1000
0.3371492841042458
1000
1000
1000
1000
1000
1000
1000
0.33736954455707097
1000
0.6633395733352908
1000
1000
2.6671422202208817
1000
1000
1000
1000
1000
1000
1000
1000
1000
1000
1000
1000
1000
1000
1000
1000
1000
1000
1000
1000
1000
1000
1000
1000
1000
1000
0.6666757296413007
1000
1000
0.3349921722483154
0.6667484813682033
1000
1000
1000
1000
2.6668542249645055
1000
1000
1000
1000
1000
0.6677557240377792
1000
1000
0.0
1000
0.3377525607292623
1000
1000
1000
1000
1000
1000
1000
1000
1000
1000
1000
1000
1000
1000
0.6654142430838331
0.0
1000
1000
0.0
0.6680585608453654
1000
1000
1000
1000
1000
1000
0.6661431002402625
0.6642031801442076
1000
2.6676616271660976
1000
1000
1000
1000
1000
1000
2.6671109076991297
1000
1000
1000
1000
1000
1000
0.6676996938539426
1000
1000
1000
1000
1000
1000
1000
0.6651838607786428
1000
0.33564017910975547
1000
1000
1000
1000
2.666812602820734
1000
1000
1000
1000
1000
1000
1000
1000
1000
1000
1000
1000
1000
0.6657304203999415
0.6667018613505997
1000
0.0
1000
1000
0.0
1000
0.6683323800102812
1000
1000
0.0
1000
1000
1000
1000
1000
1000
1000
0.33553381104362623
1000
1000
1000
1000
1000
1000
1000
1000
1000
1000
1000
1000
0.6634135018906074
0.6661146115769772
1000
0.0
1000
1000
1000
0.6649456864405501
1000
1000
2.666848426496082
1000
0.3357290622067414
1000
1000
1000
1000
1000
1000
0.6680643961492434
1000
1000
1000
1000
1000
1000
1000
1000
0.6627947070015924
1000
1000
1000
1000
0.6619142152890879
0.3356719287707514
1000
0.6671126741738124
1000
1000
1000
1000
1000
1000
1000
1000
0.6639502067539256
1000
1000
0.6662032005230596
1000
1000
2.6666885162669987
1000
1000
1000
0.6659391829062754
1000
1000
0.6640212294946332
1000
0.6634289634926035
1000
1000
1000
1000
1000
1000
1000
2.6676519575748827
1000
1000
1000
1000
1000
0.0
1000
1000
2.6670108406876705
2.667277199099648
1000
1000
2.667476400051096
1000
1000
0.6647472484513848
1000
1000
1000
1000
0.3384711160739564
1000
0.6639129371816631
1000
1000
1000
1000
1000
0.0
1000
1000
0.6634775869095276
1000
1000
1000
1000
1000
1000
1000
0.6643001218347553
0.0
1000
1000
1000
1000
1000
0.33873671533485017
1000
1000
0.0
1000
1000
1000
0.6663883057397769
1000
1000
1000
1000
1000
1000
1000
1000
0.6655111471612821
1000
1000
1000
0.0
1000
0.6683938730021987
1000
0.6678642916794676
1000
1000
1000
0.33765194667510534
1000
1000
1000
1000
1000
1000
1000
1000
1000
1000
0.0
1000
0.0
1000
1000
1000
1000
1000
0.0
0.0
0.6656648574478954
1000
1000
1000
1000
1000
0.0
1000
1000
1000
1000
1000
0.6654872565964459
1000
1000
1000
1000
0.0
1000
1000
1000
1000
1000
1000
1000
1000
1000
1000
1000
1000
1000
0.33953652656623146
1000
1000
1000
1000
1000
1000
1000
1000
1000
1000
1000
1000
1000
1000
1000
0.666370947660064
1000
0.0
1000
0.6660380503976208
1000
2.6672728127530094
1000
1000
1000
1000
1000
1000
1000
1000
1000
1000
1000
1000
1000
1000
0.6634092061270626
1000
1000
1000
1000
1000
1000
1000
1000
1000
1000
1000
1000
1000
1000
1000
1000
0.0
1000
1000
0.6633616188737843
1000
1000
1000
1000
0.668764677857459
0.6645948852093609
0.6649854998156336
1000
1000
0.6623551383029556
0.6678309682352743
1000
1000
0.0
1000
1000
1000
1000
1000
1000
0.6612423685111771
0.6669401414880471
1000
1000
1000
1000
1000
1000
1000
0.6652733538407489
1000
2.667185217835229
1000
1000
1000
1000
1000
1000
1000
1000
1000
0.0
1000
1000
1000
1000
1000
0.6685010854135809
1000
2.6667763885688904
0.663485946535401
1000
1000
1000
1000
1000
1000
1000
1000
1000
1000
0.3372957563233735
1000
1000
1000
1000
0.3386415336306009
1000
1000
1000
1000
0.6640952883598058
1000
1000
1000
0.33713325231015656
1000
1000
1000
0.0
1000
1000
1000
1000
1000
1000
1000
1000
1000
1000
1000
1000
1000
1000
1000
1000
1000
1000
0.0
1000
1000
1000
1000
1000
1000
1000
1000
1000
1000
1000
1000
1000
1000
1000
0.6659323690478325
1000
1000
1000
1000
1000
1000
1000
1000
1000
1000
1000
1000
1000
1000
2.6672820534234836
0.6663111022408151
1000
1000
0.6665658739376267
1000
1000
1000
0.6671434070310206
1000
0.3347922857454597
1000
1000
1000
1000
1000
1000
1000
1000
1000
1000
1000
1000
1000
1000
2.667593936424685
1000
1000
1000
0.6643453302945146
1000
1000
1000
0.0
1000
1000
1000
1000
1000
1000
1000
1000
1000
1000
2.6672818630426556
0.6689579012154471
1000
0.3372574590717282
1000
1000
1000
1000
1000
1000
1000
0.0
0.6664279205334617
1000
0.0
1000
0.0
1000
1000
1000
0.6638013503916139
1000
1000
1000
0.6676076151048637
1000
1000
1000
1000
1000
0.336135317172913
1000
1000
1000
1000
1000
1000
1000
1000
1000
1000
1000
1000
1000
1000
1000
1000
1000
1000
1000
1000
0.6620309383274924
1000
0.6633703650562216
1000
1000
0.6652618165643197
1000
1000
1000
1000
1000
0.0
1000
1000
1000
1000
1000
1000
0.33720929200258154
1000
1000
0.3350426569220587
1000
1000
1000
1000
1000
1000
0.6648373011414561
1000
1000
1000
1000
1000
1000
1000
1000
1000
0.3366640437854099
1000
1000
1000
2.6670609732266253
1000
1000
1000
1000
0.6670150834361752
1000
1000
1000
1000
1000
1000
1000
1000
1000
1000
1000
1000
1000
1000
1000
1000
1000
1000
1000
1000
0.6639547913642265
2.6669827478427117
1000
1000
0.668327367336131
0.0
1000
1000
1000
1000
1000
1000
1000
0.33741794716626944
0.6678733399291501
0.665463682953105
1000
0.3377766834625346
1000
0.6659791340266942
1000
1000
1000
1000
2.6666934065055234
0.6646167485517797
1000
1000
1000
1000
1000
0.0
1000
1000
0.6660403179961811
1000
1000
0.0
1000
0.0
1000
1000
1000
1000
1000
0.33552147003499455
1000
0.0
1000
1000
1000
1000
1000
1000
1000
1000
1000
1000
1000
1000
1000
0.6673215688871584
1000
0.6675582975213659
1000
1000
0.0
1000
1000
1000
0.0
1000
1000
1000
0.0
1000
1000
2.6668486828818714
0.33663939878280597
1000
1000
1000
1000
1000
0.6635967064174205
1000
1000
1000
1000
1000
1000
1000
1000
1000
1000
1000
1000
1000
1000
1000
1000
1000
0.6664494681905019
1000
1000
1000
1000
1000
0.6661290074837704
1000
1000
1000
1000
0.0
1000
1000
1000
0.6681800180699095
1000
1000
1000
1000
0.6626152627128012
1000
1000
0.33705821835199234
1000
1000
1000
1000
1000
1000
0.6671756889373778
1000
1000
1000
1000
1000
1000
1000
1000
1000
1000
1000
1000
1000
1000
0.6628745649294645
0.33690755348248347
1000
1000
1000
1000
1000
2.667116256031459
1000
1000
1000
1000
1000
1000
1000
1000
1000
1000
1000
0.6617079890547365
1000
1000
2.6673997923214077
1000
2.6675821667186237
1000
1000
1000
1000
1000
1000
1000
1000
1000
1000
1000
1000
0.663649215041691
1000
1000
1000
1000
1000
1000
1000
1000
1000
1000
1000
1000
0.0
1000
1000
0.0
1000
1000
1000
0.6636219483002054
1000
1000
1000
1000
1000
1000
1000
1000
1000
0.6636214453039073
1000
1000
1000
1000
1000
0.6642646735715962
1000
0.0
0.6670098386302252
1000
0.0
0.3363297962932592
1000
1000
1000
1000
0.6671157027479694
1000
1000
0.6669184024923518
1000
1000
1000
1000
1000
1000
1000
1000
1000
1000
1000
1000
1000
1000
1000
0.3385610143860967
0.6666966455287581
1000
1000
1000
1000
1000
1000
1000
1000
1000
1000
1000
1000
1000
1000
0.33646448966341014
0.33772320156191743
1000
1000
1000
1000
1000
1000
1000
1000
1000
1000
1000
1000
1000
1000
1000
0.0
1000
1000
1000
1000
1000
0.0
1000
1000
1000
1000
0.6648919779244216
1000
0.3382995752424106
1000
1000
1000
1000
1000
1000
0.33953046121319813
0.6677527372819249
1000
2.667096938559062
0.6653905384867126
1000
1000
0.664353285319076
1000
1000
0.6677781996096018
0.66675334976749
0.0
1000
0.0
0.3357066513030823
1000
1000
1000
1000
0.6648503602723934
1000
1000
1000
1000
0.0
1000
1000
0.6620834797602982
1000
1000
1000
0.0
1000
1000
1000
1000
0.6649480438889204
1000
1000
1000
1000
1000
1000
1000
0.6664579565204981
0.6623093471009468
1000
1000
1000
1000
0.6669272281463291
1000
1000
1000
1000
1000
1000
1000
1000
1000
1000
0.6685501327686431
1000
1000
1000
1000
1000
1000
1000
1000
1000
1000
1000
1000
1000
1000
1000
1000
0.3371882905034019
1000
1000
1000
1000
1000
1000
1000
1000
1000
1000
1000
1000
1000
0.6667781030474567
0.666864051977441
0.6681466120029234
1000
1000
1000
1000
1000
1000
1000
1000
1000
1000
0.6666723738391884
0.6630914553200021
1000
0.6696877264981622
1000
0.6635379174938851
1000
0.33601202559579896
1000
1000
1000
1000
0.6643239403817294
1000
1000
0.6683679879611988
1000
0.6676648123526737
1000
1000
1000
1000
1000
1000
1000
1000
1000
0.6646093028448371
0.33614150209013993
1000
0.6690770946089547
0.6651031684963324
1000
0.6695587550031696
1000
1000
1000
1000
1000
1000
0.6620173683713784
1000
1000
1000
1000
1000
1000
1000
1000
1000
1000
1000
1000
1000
1000
0.33580665958503875
1000
1000
1000
1000
1000
1000
1000
1000
1000
0.33929678969704036
1000
1000
1000
1000
1000
1000
1000
1000
0.6637695589084226
1000
1000
1000
1000
1000
0.6646380731479203
1000
1000
1000
1000
1000
1000
1000
1000
1000
1000
1000
1000
1000
1000
1000
0.3361754018981035
1000
1000
1000
1000
1000
0.667044225950923
1000
1000
1000
1000
1000
1000
1000
1000
1000
1000
0.33566044030647285
1000
1000
1000
1000
1000
1000
1000
1000
1000
1000
1000
1000
1000
1000
1000
1000
1000
1000
1000
1000
1000
1000
1000
1000
1000
1000
0.664761476306503
1000
1000
1000
0.6658065200156177
1000
0.33808416336186614
1000
1000
1000
1000
0.6638172594412947
1000
1000
1000
0.6657784321362021
1000
1000
0.6664177566687919
1000
0.6644027281926822
1000
0.6652346580926168
1000
1000
0.6650767426659766
1000
1000
1000
1000
1000
1000
1000
1000
1000
1000
1000
1000
0.6629640995171805
1000
1000
1000
1000
1000
1000
0.33452331022865434
1000
1000
1000
0.6619793808388529
1000
0.6635836526005028
0.6676363211130258
1000
1000
1000
1000
1000
1000
1000
1000
0.3344354316260424
0.33628774139482603
1000
1000
1000
1000
1000
0.6663348301791359
1000
1000
1000
1000
0.663127155753507
1000
0.6625974832941388
1000
1000
1000
1000
1000
1000
0.6641142228165607
1000
1000
1000
1000
1000
1000
1000
1000
1000
1000
0.6658919921176284
1000
1000
1000
0.6619369226565917
1000
1000
1000
1000
0.3384796337061841
1000
0.6682808957821397
1000
1000
1000
1000
1000
1000
1000
0.666573080222948
1000
1000
0.6684688049661355
1000
0.6663454635960427
1000
1000
1000
1000
1000
1000
1000
1000
1000
0.663618022261384
0.33525398053037236
1000
1000
1000
1000
1000
1000
1000
0.6669605936971706
1000
0.665323920747755
1000
0.666567524338986
1000
1000
1000
1000
1000
1000
1000
0.6652007222295325
1000
1000
1000
1000
0.6641842858524105
1000
1000
1000
1000
1000
1000
1000
1000
1000
1000
1000
1000
1000
0.6662292504597835
0.6640722543494133
1000
1000
1000
1000
1000
1000
1000
1000
1000
1000
1000
1000
1000
0.3369518337223529
1000
0.6628742701944011
0.6654641553694582
1000
1000
1000
1000
1000
1000
1000
1000
1000
1000
1000
1000
1000
0.6673858160617336
1000
1000
1000
1000
1000
1000
1000
1000
1000
1000
0.6639672895180284
1000
1000
1000
1000
1000
1000
1000
1000
1000
1000
0.66728898380338
1000
1000
1000
1000
1000
1000
1000
0.6676295403819968
1000
1000
0.6654878396467685
0.33523268225234093
1000
1000
1000
0.334611169312036
1000
1000
1000
1000
1000
1000
1000
1000
1000
0.6651767754985781
1000
1000
1000
1000
0.6644319296691938
1000
1000
1000
1000
0.6666732442354798
1000
1000
1000
1000
0.6671500946557396
1000
0.6693250099179465
1000
1000
1000
1000
1000
0.3367323781868762
1000
1000
1000
1000
1000
1000
1000
0.6678914127579272
1000
0.33824415717192474
1000
0.6649427192075532
1000
1000
1000
1000
0.6681974579587838
1000
0.6654536452997377
1000
1000
1000
1000
1000
1000
1000
1000
1000
0.0
1000
1000
1000
1000
1000
0.664259517130027
1000
1000
1000
1000
1000
1000
1000
0.6638371905078732
1000
1000
1000
1000
1000
1000
1000
1000
1000
1000
1000
1000
1000
1000
1000
1000
0.6676237640904502
1000
1000
0.0
1000
1000
1000
1000
1000
0.3366024864670026
1000
1000
1000
1000
1000
1000
1000
1000
1000
1000
1000
1000
1000
1000
1000
1000
1000
1000
1000
1000
1000
1000
1000
0.3387025227000452
0.6659563242158278
1000
1000
1000
1000
1000
0.3370253157538279
0.6621383930820611
1000
1000
0.6661188837812164
0.6650060069987551
1000
1000
1000
1000
1000
1000
1000
1000
1000
1000
1000
0.6690359562131645
1000
1000
1000
1000
0.6649418844452816
1000
1000
0.6640620935104454
1000
1000
1000
1000
1000
1000
1000
0.0
1000
1000
1000
1000
1000
1000
1000
1000
1000
1000
1000
1000
1000
1000
1000
1000
1000
1000
0.3368314544656481
1000
1000
1000
1000
1000
1000
0.6675253714597255
1000
0.6667616615209072
0.665730949235664
1000
1000
1000
0.6678721584141875
1000
1000
1000
1000
0.33814024331800113
1000
1000
1000
1000
1000
1000
1000
1000
0.6660050094454225
1000
1000
1000
1000
1000
1000
1000
1000
0.6620976064268125
0.6649884877390445
1000
1000
1000
1000
1000
1000
1000
1000
0.0
1000
1000
0.6657425057005819
0.0
1000
1000
1000
1000
0.33646715633193996
1000
1000
1000
1000
1000
1000
1000
1000
0.6641214860145753
1000
1000
1000
1000
0.6679108477446668
1000
1000
1000
1000
1000
1000
1000
1000
1000
1000
1000
1000
1000
0.0
1000
0.3376392301133131
1000
1000
0.0
1000
1000
1000
1000
0.6616380670179531
1000
1000
1000
1000
1000
0.6662194881707789
1000
0.33672750459566386
1000
0.6638092266629331
1000
1000
1000
1000
1000
1000
0.6663661468223697
1000
1000
0.6657943571293161
1000
1000
1000
0.6670999046682669
1000
1000
1000
0.6630761270971406
1000
1000
1000
1000
0.6655814160616366
1000
1000
1000
1000
1000
0.3358742286414952
1000
1000
0.6628667856392222
0.6653109459648064
1000
1000
1000
1000
1000
1000
1000
1000
1000
1000
1000
1000
1000
1000
1000
1000
1000
0.3388195201529485
1000
1000
1000
1000
0.6689089371486059
1000
0.6653486888201782
1000
1000
1000
0.0
1000
0.6648680584459846
1000
1000
0.33866983359528613
1000
1000
1000
1000
1000
0.6631932247601162
1000
0.6660007478298409
0.6680485644315316
1000
0.33705649009099076
0.6674081821410548
1000
1000
1000
1000
1000
1000
1000
1000
0.6656714376303267
1000
1000
0.6624226103196597
1000
1000
1000
1000
0.6637146551811354
1000
1000
1000
1000
1000
1000
0.665153957436593
1000
1000
1000
1000
1000
1000
0.6669325120207673
1000
1000
1000
1000
1000
1000
1000
1000
1000
0.6655398922293231
1000
1000
1000
1000
1000
1000
1000
1000
1000
0.6660770111908583
1000
1000
1000
1000
1000
0.6673560987768405
1000
1000
1000
1000
1000
1000
1000
1000
1000
1000
1000
0.6649593715974429
1000
0.6640898596285599
1000
1000
1000
1000
1000
1000
1000
1000
1000
1000
1000
1000
1000
1000
1000
1000
1000
1000
1000
1000
1000
1000
1000
1000
1000
1000
1000
1000
1000
1000
1000
1000
1000
1000
0.6632926017200461
1000
1000
1000
1000
0.6632312144187456
1000
1000
1000
1000
1000
1000
0.6657637438970879
1000
1000
1000
1000
1000
1000
1000
1000
0.6674610381643641
1000
1000
1000
1000
1000
1000
1000
1000
1000
1000
0.33593773425449347
1000
1000
0.0
1000
1000
0.6679899122538364
1000
1000
1000
1000
0.6640161481074707
1000
1000
1000
1000
1000
1000
1000
1000
0.6664554914792704
1000
1000
1000
1000
1000
1000
1000
1000
1000
1000
1000
1000
1000
0.0
1000
1000
1000
1000
1000
1000
1000
1000
1000
1000
1000
1000
1000
1000
1000
1000
1000
1000
1000
1000
1000
1000
1000
1000
2.667584643440217
1000
1000
1000
0.0
0.6621758683965864
1000
0.3364905728870427
1000
1000
1000
1000
1000
1000
1000
0.6641994307530328
1000
1000
1000
1000
1000
1000
1000
1000
1000
1000
1000
1000
0.6688403098698075
1000
1000
1000
1000
1000
1000
1000
1000
1000
1000
1000
1000
1000
1000
0.0
1000
1000
1000
0.6669820177698116
1000
1000
1000
1000
1000
1000
1000
1000
1000
1000
1000
1000
1000
1000
1000
1000
0.0
1000
1000
1000
1000
1000
1000
0.0
0.3361863544991606
1000
1000
1000
0.6631883352621019
1000
1000
1000
1000
1000
1000
1000
1000
1000
1000
1000
1000
1000
1000
1000
1000
1000
1000
0.6655471801800477
1000
1000
1000
1000
1000
1000
1000
1000
0.33701955032669184
1000
1000
1000
1000
1000
1000
1000
1000
0.33819239356385233
1000
0.3365657145670353
1000
1000
1000
1000
1000
1000
1000
1000
1000
1000
1000
1000
1000
1000
1000
1000
1000
1000
1000
1000
1000
1000
1000
0.3358407458091689
1000
1000
1000
1000
1000
1000
1000
1000
1000
1000
1000
0.665758708651403
1000
1000
1000
0.6665541835253699
0.6649862103612311
1000
1000
0.6682781839011974
1000
1000
1000
1000
1000
1000
1000
1000
1000
0.0
1000
1000
1000
1000
1000
1000
1000
0.6685397191695024
1000
1000
1000
1000
1000
1000
1000
0.33692397231407256
1000
1000
0.663668434762905
0.667125080399618
1000
1000
0.6692400513668554
0.6655318256288195
1000
1000
1000
1000
1000
1000
1000
1000
1000
1000
1000
1000
1000
1000
1000
0.6665233262099568
1000
0.666431388404098
1000
0.6665803091806478
1000
1000
1000
1000
1000
1000
1000
1000
0.6641915124928224
0.662592096655325
1000
1000
1000
1000
1000
1000
1000
0.6691709211060659
1000
1000
1000
1000
1000
1000
1000
0.0
1000
1000
1000
1000
1000
1000
1000
1000
1000
1000
1000
1000
1000
1000
1000
0.6644476337491244
0.6638814481188349
1000
1000
1000
1000
1000
1000
1000
1000
1000
1000
1000
1000
1000
0.6664411762616648
1000
1000
1000
1000
1000
1000
1000
1000
1000
0.6688793985066609
1000
1000
1000
1000
1000
1000
1000
1000
1000
1000
1000
1000
1000
1000
0.3346376775135666
1000
1000
1000
1000
1000
0.6644501785382219
1000
1000
1000
0.6672203107335049
1000
1000
0.3374135438926406
1000
1000
1000
1000
1000
1000
1000
1000
1000
1000
0.3379517130930877
1000
0.6665742567848914
1000
1000
1000
1000
1000
1000
2.666940298512482
0.0
1000
0.6654304597547166
1000
1000
1000
1000
1000
1000
1000
0.6666955664375241
1000
0.6686830934683186
1000
1000
1000
1000
1000
1000
1000
1000
1000
1000
1000
1000
1000
1000
1000
1000
1000
1000
1000
1000
1000
0.3340783556784219
0.0
1000
1000
1000
1000
2.6671403483393816
0.6651377527286375
0.6654055648576115
1000
1000
1000
1000
1000
1000
1000
1000
1000
1000
1000
1000
1000
1000
1000
1000
1000
1000
1000
0.6677861349444373
1000
1000
1000
1000
1000
1000
1000
1000
1000
1000
1000
1000
1000
1000
0.33713318319872454
1000
1000
0.6691424680161863
1000
1000
1000
1000
0.33544629377107815
1000
1000
1000
1000
1000
1000
0.6628742173827091
1000
1000
1000
0.6689900093296715
1000
1000
1000
1000
1000
1000
1000
1000
0.3369036281806891
1000
1000
1000
1000
1000
1000
1000
1000
0.667215735632305
1000
1000
0.6636640160963674
1000
1000
1000
1000
1000
1000
0.0
1000
1000
1000
0.6666873193339454
1000
1000
1000
1000
1000
1000
1000
1000
0.0
1000
1000
1000
1000
1000
1000
1000
0.6660885477323029
1000
0.661447091617758
1000
1000
1000
0.6684449956965531
1000
1000
0.6661393031484689
1000
1000
1000
1000
1000
0.6668080772494717
1000
1000
1000
1000
1000
1000
0.0
1000
1000
1000
1000
1000
1000
0.6631627136426931
0.3365327967261996
1000
1000
1000
0.6635327628396407
0.668187101671521
1000
1000
1000
1000
1000
1000
1000
1000
1000
1000
0.6669760183194348
2.6667532320779435
1000
0.6671895061998006
1000
1000
1000
1000
1000
1000
1000
1000
1000
1000
1000
1000
1000
1000
1000
0.6648635649003387
1000
1000
1000
0.0
1000
0.3387506092172166
1000
1000
1000
1000
1000
0.0
1000
1000
1000
1000
1000
1000
1000
1000
1000
0.6670667490061017
0.0
1000
1000
1000
1000
1000
1000
1000
1000
1000
2.6675204793467175
1000
1000
0.6650765268485068
1000
1000
1000
1000
0.6638564754071167
1000
1000
1000
1000
1000
1000
0.6673809576772832
1000
1000
1000
1000
1000
1000
1000
1000
1000
1000
1000
1000
0.665257547026161
1000
1000
1000
1000
1000
1000
1000
1000
1000
1000
1000
1000
1000
1000
1000
2.6673754461255936
1000
2.6675397700105563
1000
1000
1000
1000
1000
0.0
1000
1000
1000
1000
1000
0.6643344775191121
1000
0.6671386871127734
1000
1000
1000
1000
1000
1000
1000
1000
0.6639128947651676
1000
1000
1000
1000
1000
1000
1000
1000
1000
1000
0.0
0.6637182735607629
1000
1000
1000
1000
1000
0.6646035659870367
0.6650124363540867
1000
1000
0.6688629418960659
0.3377447354264102
1000
1000
1000
1000
1000
1000
1000
1000
1000
1000
1000
1000
1000
1000
1000
1000
1000
0.33549981520488703
1000
1000
1000
0.0
0.33620746189976086
1000
1000
1000
1000
1000
1000
1000
1000
1000
1000
1000
1000
1000
1000
1000
1000
1000
1000
1000
1000
1000
1000
1000
1000
1000
1000
0.6652708928126521
1000
0.6641635289961046
1000
1000
1000
0.0
0.6637499302239473
0.6673154700380601
0.6648443161763468
1000
1000
1000
1000
1000
1000
1000
1000
1000
0.6667223561824995
1000
1000
2.666704128242771
0.0
1000
1000
1000
1000
1000
1000
1000
1000
1000
1000
1000
1000
0.6676555081158475
1000
1000
1000
1000
1000
1000
2.667616029231853
1000
1000
1000
1000
1000
0.6651144787805974
1000
1000
0.6653421722862068
1000
1000
1000
1000
1000
1000
0.6639296896907542
1000
1000
1000
1000
1000
1000
2.6672237275789112
1000
0.6674366163692159
0.6642418722542587
0.33545772219623826
0.6653535520730701
1000
1000
0.33681974940170845
1000
0.0
1000
1000
1000
1000
1000
0.0
0.6674891377583189
0.33874811251292725
1000
1000
1000
0.0
1000
1000
1000
0.6678260645107376
0.6613167035736508
1000
1000
1000
1000
1000
1000
1000
1000
1000
1000
0.3365494946949986
1000
1000
1000
0.6669350113209956
1000
0.6670801662576528
1000
1000
0.6666841961728399
0.6667698451324635
1000
1000
1000
1000
0.6681088812536253
1000
0.6676605908897238
1000
1000
1000
1000
1000
0.6651699158397649
1000
0.6640378787926924
1000
1000
1000
1000
1000
1000
0.0
0.3358668512793579
1000
2.6675860071201694
0.3381542585713219
2.6671131331612212
1000
1000
1000
1000
1000
1000
1000
1000
0.3382210463945328
1000
1000
1000
0.6684918298838856
1000
1000
1000
1000
1000
1000
1000
1000
1000
1000
1000
1000
0.0
1000
1000
1000
1000
1000
1000
1000
1000
1000
1000
0.6634945630200841
1000
1000
1000
1000
1000
0.6664035708247084
1000
1000
1000
1000
1000
1000
1000
1000
1000
1000
1000
1000
1000
1000
1000
1000
1000
0.3372514930431754
1000
1000
1000
1000
1000
0.6627972438345688
1000
0.3381074931035993
1000
1000
1000
1000
1000
1000
1000
1000
1000
0.663023449400252
1000
1000
1000
1000
1000
1000
1000
1000
1000
1000
1000
1000
1000
1000
1000
0.0
1000
1000
1000
1000
1000
1000
0.6688125075504544
1000
1000
1000
1000
1000
0.33833207963777845
1000
1000
1000
1000
1000
1000
1000
1000
1000
1000
1000
1000
1000
0.6691671801070096
0.6665826199983962
0.0
1000
1000
1000
1000
1000
0.3383581448845858
1000
1000
0.6628116430223455
0.0
1000
1000
1000
1000
1000
1000
1000
1000
1000
1000
1000
1000
1000
0.6637856771496808
1000
1000
1000
1000
1000
1000
1000
1000
1000
1000
1000
1000
0.6671460144298511
1000
1000
1000
1000
0.6694004694935334
1000
1000
1000
0.0
1000
1000
1000
1000
1000
1000
1000
0.6692571199804345
1000
1000
1000
0.6683770404023694
1000
1000
1000
1000
1000
1000
1000
0.0
1000
1000
1000
1000
1000
1000
1000
1000
1000
1000
1000
1000
0.6636464886416726
1000
1000
1000
0.6678702021103808
1000
1000
0.6623910612683306
1000
1000
1000
1000
0.3366753975104928
1000
1000
1000
1000
2.6671733879895214
1000
1000
0.0
1000
0.0
1000
0.6683120897141465
1000
1000
1000
1000
1000
1000
1000
1000
1000
1000
1000
1000
1000
1000
1000
0.6665366931967344
1000
0.335064966756364
1000
0.3356434108939832
1000
0.0
1000
1000
1000
1000
1000
1000
0.0
1000
1000
1000
1000
1000
1000
0.33536734008930286
1000
1000
1000
1000
1000
1000
1000
1000
1000
0.33720894858964073
0.6643939272385535
1000
1000
1000
1000
0.0
1000
1000
1000
1000
1000
1000
1000
1000
0.6649916089795371
0.6670940739939547
1000
0.6638169883631474
1000
1000
1000
1000
1000
1000
1000
1000
0.6643412385870204
1000
1000
0.665970217086112
1000
1000
1000
0.0
1000
0.33871847290725626
1000
1000
1000
1000
1000
1000
1000
1000
1000
1000
1000
1000
1000
0.6650439442323045
0.6666468679195959
1000
0.6677186713169184
1000
0.3380781652480055
1000
1000
1000
1000
1000
1000
1000
1000
1000
1000
1000
1000
1000
0.6673904525446861
1000
0.6627390640084782
1000
1000
1000
1000
1000
0.663937716762082
1000
1000
0.6687964236114227
1000
1000
1000
1000
1000
2.6666763489889056
1000
0.33639930165394866
1000
0.3372094540392298
1000
1000
1000
1000
1000
0.0
1000
1000
1000
1000
1000
1000
1000
1000
0.6683213736863828
1000
1000
1000
2.6671308460856373
0.6652872878017996
0.6639021722670334
0.33879146715173925
1000
1000
1000
1000
1000
1000
1000
1000
1000
1000
1000
0.0
0.6684715376567048
0.3370578253968587
1000
1000
1000
1000
1000
1000
1000
1000
1000
1000
1000
1000
1000
1000
1000
1000
1000
0.33748895353882113
1000
1000
1000
1000
1000
1000
1000
1000
1000
0.6666238439643675
0.6679693587241239
1000
1000
1000
1000
1000
1000
1000
1000
1000
1000
1000
0.6663602181880379
1000
0.6650898556612397
0.0
0.0
1000
0.0
1000
1000
0.33680730004707765
1000
1000
1000
1000
1000
0.665423670689392
1000
0.33899060425049315
0.6645099498880389
1000
0.6687677643384753
1000
2.6675700320491647
0.6653887372214953
1000
1000
1000
1000
1000
1000
1000
1000
1000
1000
1000
1000
1000
1000
1000
0.6689633929256501
1000
1000
1000
1000
1000
1000
1000
1000
0.3387654101079868
1000
1000
0.6644238077302658
1000
0.6677066064564338
1000
0.6680171463690179
1000
0.0
1000
1000
1000
1000
0.6665028174051646
2.6672277882648743
2.6676385208010185
1000
1000
1000
1000
1000
1000
1000
1000
2.666734220345209
1000
1000
0.6658549244610925
1000
1000
1000
0.6631550608460806
1000
1000
2.6667681676647588
1000
1000
0.0
1000
1000
0.0
1000
1000
2.667000564432513
1000
1000
0.6664762777927882
1000
1000
1000
1000
1000
1000
2.6672751369090144
1000
1000
1000
1000
1000
1000
1000
1000
1000
1000
1000
0.6626963049370241
1000
1000
1000
0.669044367679749
1000
1000
1000
0.0
0.0
1000
1000
1000
0.6690282641880823
1000
0.33738292233026657
1000
1000
1000
1000
1000
1000
1000
1000
1000
1000
1000
1000
1000
1000
1000
1000
1000
1000
1000
1000
1000
1000
1000
1000
1000
1000
1000
1000
1000
1000
1000
1000
1000
1000
2.667055047091048
0.6642898521634826
1000
1000
1000
0.3382751598157585
0.3385865778012128
1000
1000
0.6674158412366793
0.0
1000
1000
1000
0.6637285799362316
1000
0.3360797622652157
1000
1000
1000
1000
1000
1000
0.33831349242467046
1000
0.6658016585789454
2.6671060195171394
1000
1000
1000
1000
1000
0.6629546553613498
0.0
1000
1000
1000
1000
1000
1000
1000
0.33705412677488034
1000
1000
2.6674611270827997
1000
1000
0.0
0.6618895047638983
1000
0.0
1000
1000
1000
0.6635908485767499
1000
1000
1000
1000
1000
1000
1000
0.0
1000
1000
1000
1000
1000
1000
1000
1000
1000
1000
1000
1000
0.6657526681566801
1000
1000
1000
1000
0.0
1000
0.3362478440777469
1000
1000
1000
0.6632692322703984
1000
1000
1000
1000
1000
0.6672562904983159
0.0
1000
1000
0.6627030345044825
0.6644683675831199
1000
0.6681571314318341
1000
1000
1000
1000
1000
1000
1000
1000
1000
1000
1000
1000
1000
1000
1000
2.66673263125308
1000
0.0
0.667627044505791
1000
1000
0.0
1000
1000
1000
1000
1000
1000
1000
1000
0.33418365979037995
0.6627359682883402
0.0
1000
1000
1000
1000
0.6667152313675423
1000
1000
1000
2.6672465176902005
1000
1000
1000
1000
1000
1000
1000
1000
1000
0.6674350985426646
1000
0.6633636490264267
1000
1000
1000
1000
2.6670751579183816
1000
2.6668991603720738
1000
1000
1000
0.6635308482908309
1000
1000
0.6648134433847345
1000
1000
1000
0.33891332793893547
1000
1000
1000
0.6635824362837
0.0
1000
1000
0.6664579805748277
0.6647078399316808
1000
1000
0.3372511275002509
1000
1000
1000
1000
1000
1000
1000
2.6672730074933084
0.6648327869035741
1000
1000
1000
2.6668721210004596
0.6672141248984238
0.0
1000
1000
1000
1000
0.3385963089262973
1000
1000
1000
0.0
1000
1000
0.6649625585692918
1000
1000
0.6649345715778512
1000
1000
1000
1000
1000
1000
1000
1000
0.3364012277580504
1000
1000
1000
1000
1000
1000
1000
1000
1000
1000
1000
1000
1000
1000
1000
0.3383853934876882
1000
0.6652085158316029
1000
1000
1000
2.6673115640512868
1000
1000
1000
1000
1000
1000
1000
1000
1000
1000
1000
1000
1000
1000
1000
1000
1000
1000
0.3356466494637579
1000
0.6685507806615123
0.0
1000
1000
0.6630120554442746
1000
1000
2.666819324218976
1000
1000
1000
0.6671255697599152
1000
0.0
2.667373559616995
1000
1000
1000
1000
1000
1000
2.666888701196173
1000
1000
1000
0.66226127537109
1000
1000
1000
1000
1000
1000
1000
1000
1000
1000
1000
1000
0.6673743722824552
0.33553988547431357
1000
1000
1000
1000
1000
0.6648609627404308
1000
1000
1000
1000
0.6676562956271961
1000
1000
1000
0.6671831246907783
1000
1000
0.6625584759876589
1000
1000
1000
1000
1000
0.33910024444577064
0.6634877565540815
1000
1000
1000
1000
1000
1000
1000
1000
1000
0.0
1000
1000
1000
0.6686381464693736
1000
1000
1000
1000
2.667220267386581
1000
0.0
0.3364204598010989
1000
1000
1000
1000
0.6654217915397224
1000
1000
0.0
1000
1000
1000
1000
0.6657535045241537
1000
1000
1000
1000
1000
0.6632671217543854
1000
1000
1000
1000
1000
1000
1000
0.6622750033408188
1000
0.33843213136309663
0.6641040320416121
1000
1000
1000
1000
2.667127150777161
1000
1000
1000
1000
1000
1000
1000
1000
1000
1000
1000
1000
1000
1000
1000
1000
0.6631152178893138
1000
1000
1000
1000
1000
1000
1000
1000
1000
1000
1000
0.0
1000
1000
1000
1000
0.0
1000
1000
1000
2.66737752305658
1000
1000
1000
0.6618209947792034
1000
1000
1000
1000
1000
0.6671642332736358
0.6635618990352231
1000
1000
1000
0.6660590399052075
1000
1000
1000
1000
1000
1000
0.33419894795013483
1000
1000
1000
1000
1000
0.6695219815407302
1000
1000
1000
1000
1000
2.6672396906384295
0.6693933471907018
1000
1000
1000
1000
0.0
1000
0.33711768377123486
0.6668288767604981
1000
0.0
1000
1000
1000
1000
1000
1000
1000
1000
1000
1000
1000
1000
1000
1000
1000
1000
1000
1000
1000
1000
1000
1000
0.0
0.6658469018138827
1000
0.6669171391744815
1000
1000
1000
1000
1000
1000
1000
1000
1000
1000
1000
1000
0.0
1000
1000
1000
1000
1000
0.6657423653165435
1000
1000
1000
1000
1000
0.0
0.0
1000
1000
1000
1000
1000
1000
1000
1000
1000
1000
1000
0.6628500561128938
1000
0.0
1000
1000
1000
1000
1000
1000
0.6627881616895521
0.6657219101753152
0.0
1000
1000
0.6671769621381908
1000
1000
1000
1000
1000
1000
1000
1000
2.6674643151595916
1000
1000
1000
1000
1000
1000
1000
1000
1000
0.337070213256167
1000
1000
1000
0.6631840673310415
1000
1000
1000
1000
1000
1000
1000
1000
0.6648739593415534
1000
1000
0.33589815191883576
0.6670112325480406
1000
1000
1000
1000
1000
1000
0.6677590086294735
1000
1000
0.663854231318297
1000
2.6672337539280573
2.6669591813904847
1000
0.6672118499689405
1000
1000
1000
0.663537597096468
0.6658394097077736
1000
1000
1000
1000
0.0
1000
1000
1000
1000
0.0
1000
1000
1000
1000
1000
1000
1000
1000
1000
1000
2.667583496196335
1000
1000
0.0
1000
1000
1000
1000
1000
1000
1000
0.0
1000
1000
1000
1000
0.33842727307520504
1000
1000
1000
1000
0.0
1000
1000
0.0
1000
1000
1000
0.6652168804671001
1000
1000
1000
0.0
1000
1000
1000
1000
1000
1000
1000
1000
1000
1000
1000
1000
1000
1000
1000
1000
1000
1000
1000
1000
1000
1000
1000
1000
1000
1000
1000
0.6659531903728603
1000
0.6646641480211913
1000
1000
1000
0.3366081133764104
1000
1000
1000
1000
1000
1000
1000
1000
1000
1000
1000
1000
1000
1000
1000
1000
0.6647186112627922
1000
1000
0.0
1000
1000
1000
1000
1000
1000
0.3389355727843525
1000
1000
1000
1000
0.6695881057747335
1000
1000
1000
1000
1000
1000
1000
1000
0.6658890935032824
0.0
1000
1000
1000
1000
1000
1000
1000
1000
1000
1000
1000
1000
0.6648234546157716
0.0
0.6643062449634084
0.6653914243260532
1000
1000
1000
1000
1000
0.6651111083073884
1000
0.6625809332793248
1000
1000
2.666971032180635
1000
1000
0.664492148606221
1000
0.6667168924888132
1000
1000
1000
1000
1000
1000
1000
1000
1000
1000
1000
1000
1000
1000
1000
0.3367358164972086
1000
0.667608047484737
1000
1000
1000
1000
0.6623845516115654
1000
0.3367731599905349
1000
1000
1000
2.667066686067695
1000
1000
0.0
1000
1000
1000
1000
0.6642319398568259
1000
1000
1000
2.6670907551885286
1000
1000
1000
1000
0.33891766719024824
0.0
1000
1000
0.6661013484026785
1000
1000
1000
1000
1000
0.6674434756960883
1000
1000
1000
2.667241567770513
1000
1000
1000
1000
1000
0.6638748449985913
1000
1000
1000
1000
1000
0.6657305602057498
0.338209090686883
1000
1000
1000
1000
1000
1000
1000
1000
0.6658249066925231
1000
1000
1000
1000
1000
1000
1000
1000
1000
1000
1000
1000
1000
1000
1000
1000
1000
1000
1000
1000
1000
1000
0.6673920783486118
1000
0.33807340568517047
1000
1000
1000
1000
1000
0.6640055870205889
1000
1000
1000
1000
1000
1000
0.6668353129241807
1000
1000
1000
1000
1000
1000
1000
1000
1000
1000
1000
1000
1000
1000
1000
1000
1000
1000
1000
1000
1000
1000
1000
1000
1000
0.6648678969808347
1000
1000
1000
0.33675169444379766
1000
0.3375894734532216
1000
1000
1000
1000
1000
1000
1000
1000
1000
1000
0.6683838501040921
1000
1000
1000
1000
1000
1000
1000
1000
1000
1000
0.33555673591729657
1000
1000
1000
1000
1000
0.3355722361166573
1000
1000
1000
1000
1000
1000
1000
1000
0.6696122742112282
1000
1000
0.6621275578529052
1000
1000
1000
1000
1000
1000
1000
1000
0.6676226520822867
1000
1000
1000
1000
0.6653685245861545
0.6672300106946903
1000
1000
1000
0.6636433063456227
0.33867344894127854
1000
0.6620899641601464
1000
1000
1000
0.6632076406790994
1000
1000
1000
0.6673253606141825
0.6643800202682345
1000
1000
1000
1000
1000
0.6613206416844709
0.33747326611340506
1000
1000
1000
1000
1000
1000
1000
0.33691193349718696
1000
1000
0.6679539368534682
1000
1000
1000
1000
1000
1000
1000
1000
1000
0.6635661950326347
0.6660168014983033
1000
1000
1000
1000
1000
0.33652938088765544
1000
1000
1000
1000
1000
1000
1000
1000
1000
0.6670686944677177
1000
1000
1000
1000
1000
1000
1000
1000
1000
0.6689004604871405
1000
1000
1000
1000
1000
0.665832058707666
1000
1000
0.667389535496402
0.6666114820570658
1000
1000
1000
1000
1000
1000
1000
1000
1000
1000
1000
1000
1000
0.6661093799737665
1000
1000
1000
1000
1000
1000
1000
1000
1000
1000
1000
1000
1000
1000
1000
1000
1000
1000
0.0
1000
1000
1000
0.6642690806753514
1000
1000
1000
1000
0.6678594441000575
1000
1000
1000
1000
1000
1000
1000
1000
1000
1000
1000
1000
0.6654722749266395
1000
1000
1000
0.6647355597293401
1000
1000
1000
1000
2.6668381766735734
1000
1000
1000
1000
1000
1000
1000
1000
1000
1000
1000
1000
1000
1000
0.6644650454179842
0.3387043270642449
1000
1000
1000
1000
1000
1000
0.6646542644788556
1000
1000
1000
1000
1000
1000
0.0
1000
1000
1000
0.6628137692053145
1000
0.3385949140950133
1000
1000
1000
1000
0.6625807202805701
1000
1000
1000
1000
0.6641140260796373
1000
1000
0.0
1000
1000
1000
1000
1000
0.6641824907592901
1000
1000
0.6647712346089487
0.6627331697450398
2.6674410711902947
1000
1000
1000
0.6640860610280729
1000
1000
1000
1000
1000
0.6639928635507986
1000
1000
1000
1000
1000
0.6627007292422391
1000
1000
1000
1000
1000
0.6663996187543394
1000
1000
1000
0.6665220214822508
0.661057472097732
1000
1000
1000
1000
0.0
1000
1000
1000
1000
0.6696724936186885
1000
1000
1000
1000
1000
1000
1000
0.6655923310807847
0.666655756422111
1000
1000
0.6660815096266425
0.664756943083175
1000
1000
1000
1000
0.6650893148249167
1000
1000
1000
1000
1000
1000
0.6662324367438697
1000
1000
0.6679677774255307
1000
1000
1000
0.6678769755876912
1000
0.33552742215442
1000
1000
1000
1000
1000
0.6689438882256303
1000
1000
1000
1000
1000
1000
1000
1000
1000
0.6663034090098744
1000
1000
1000
1000
1000
1000
0.6667776047082636
1000
1000
1000
1000
1000
1000
1000
1000
1000
1000
1000
1000
1000
1000
1000
1000
1000
1000
1000
1000
1000
1000
1000
1000
1000
1000
1000
1000
1000
0.6664075053187686
1000
0.665414685413709
0.6647373193672426
1000
0.0
