16.155520657923667
1000
1000
1000
1000
1000
14.933273653959748
16.922115809051736
1000
1000
15.219748322788185
1000
1000
1000
1000
15.079975062850481
1000
1000
1000
1000
1.6183718108687415
1.6144244620416497
1000
1000
1000
1000
1000
14.26054711860168
1000
1000
1000
16.094805746081665
1000
1.6176380666469161
1000
14.665915553895353
1000
1000
1000
1000
17.409962875973797
1000
1000
1000
15.980476892023542
15.668348045378256
1000
13.70897870878889
16.99702964555609
15.279289969328726
1000
1000
14.563247433400893
1000
1000
1000
1000
15.427452748284257
1000
1000
1000
1000
1000
1000
1000
1000
1000
1000
1000
1000
1000
1000
1000
1000
1.6186954679242411
1000
1.617522223683656
15.63316647015063
1000
1000
1000
1000
1000
1000
1000
1000
1000
16.777322926310667
1000
1000
1000
1000
1000
1000
1000
15.533596168442212
1000
1000
16.295586460750247
16.50148625730102
1000
17.18202169835088
1000
1000
1000
1000
1000
1000
1000
1000
1000
1000
1000
1000
1000
1000
1000
1000
1000
1000
1000
1000
1000
1000
13.87345587549829
1000
1000
1000
1.6187865648288524
1000
1000
1000
1000
15.665121584241149
1000
16.770156631773258
1000
1000
1000
14.925767535770749
1000
1000
1000
1000
16.283379759111185
1000
16.002762741810194
1000
1000
1000
14.108722611376727
1000
1000
1000
13.551170380096352
1000
1000
17.37790595753986
15.794193062162405
1000
1000
1000
1000
1000
13.577915205533241
1000
14.955865299046458
1000
1000
1000
1000
1000
1000
14.85774769530774
1000
1000
1000
1000
1000
16.225711740453804
1000
14.209575899428035
1000
16.42145124900888
1.6172617849557194
15.929047787785898
1000
1000
13.524081122877686
14.200340866681486
1000
1000
1000
1.6169859322994686
14.536299086690097
15.98012039986475
1000
16.745705682443432
1000
1000
1000
1000
1000
1000
1000
1000
1000
1000
1000
1000
1000
1000
1000
1000
1.618022246107462
1000
16.84504254371622
1000
1000
14.847146082857655
1000
1000
1.6156181102125342
13.949443278469563
15.25943726028326
1000
1000
1000
1000
1000
17.41392464595214
1000
1000
13.485967639132813
1000
1000
1000
1000
1000
17.101090208806596
1000
1000
1000
15.96467148668049
15.545873509742856
13.637917709893088
1000
1000
13.705138422053945
1000
1000
1000
1000
15.233480426084382
1000
1000
1000
1000
1000
1000
13.91955741349079
1000
1000
1000
1000
1000
1000
1000
13.603822486844415
1000
1000
13.602724845174997
1000
1000
1000
15.967181166243844
1000
1000
1000
15.927334785204188
1000
1000
1000
1000
1.6157349088095414
15.613619714080388
1000
15.84006398870811
1000
1.615806142421327
16.29761398888153
1000
1000
1000
1000
16.367373601204694
1000
1000
13.70860716522694
1000
1000
17.093223943481853
15.554718215340209
1000
1000
1000
16.259739669973694
1000
1000
1000
17.366164105114105
1000
14.034303474251491
1000
1000
13.813205533964819
1000
1000
1000
1000
1000
16.102150529126906
1000
1000
1000
1000
1000
16.17654239468206
1000
1000
1000
14.271029550610647
15.815485941868959
17.35932282684306
1.6166003836424432
1000
1000
14.495272324451868
14.30493698764094
1000
1000
1000
1000
1.6153452107304391
1000
1000
1000
1.6161067338117256
1000
1000
14.011566233130978
13.708865505501603
1000
13.896472604928086
1000
0.0
1000
1000
1.6167643942474024
1000
17.113085833404504
1000
13.334011070259537
13.973376562315607
13.739099778396122
1000
15.364092414236417
13.333542866952364
1000
0.0
1000
13.333694227394954
1000
1.618072223736466
1000
13.449307217650812
1000
15.203548442870545
14.370577920178052
15.719529002709464
1000
1000
1.6167902260910225
16.798543823430144
16.323229482638297
1000
1000
13.64958564180822
3.225432832518648
1000
15.253708750323549
13.527808281348696
14.86377632253593
1000
1000
1000
1000
1000
14.17494813669568
1000
16.29621454166761
13.810181122906881
16.12603576565578
15.603513525087077
1.6147671367768117
1.617063957689976
15.092976292604687
1000
1000
1000
17.414623806733726
14.205830160812749
17.23271137353187
1000
1000
1000
3.224239812661578
14.029804488934166
16.733334015954746
14.491523011497437
16.410558607516883
0.0
1000
1000
1000
14.287484554639004
15.367927974251202
1.617051511564369
1000
15.692798658815615
13.549075932768242
1000
1000
3.2242867972482556
1.6176162266030343
1000
14.300538893362292
13.826649675611677
14.094048103132106
15.834499843140229
1000
1000
14.312608147801763
16.291018536348687
1000
13.333804986628989
1000
1000
1.615219216821813
16.865008814012857
1000
1000
1000
13.333338889226399
1000
16.618891997692643
16.264784481487244
14.488369194140134
16.332187799199097
14.681408758447084
1000
1000
16.455315890485505
14.889772650686613
16.867643788563747
1000
1000
14.878997081690319
1.615686152745772
1000
1000
1.6171355971935855
1000
14.988976100401434
16.082076132714207
16.330781356069487
1.6170758584072826
17.180723412852366
16.751211866167605
1000
16.047335012840684
1000
17.343965291692538
14.919592032550645
1000
1000
14.197027067415089
14.058535202161291
14.52364788565962
1000
1000
13.587881940734094
16.685731219980283
13.33366806882553
1000
1000
13.834465030518903
1000
14.235894302911216
14.694561901936744
13.980867721550155
14.321994759700617
1000
1000
1000
1.6174096179092552
1000
15.925273974488007
1000
1000
1000
16.24303715489199
1000
16.38086422549617
17.08742932965902
1000
0.0
0.0
16.902362382810363
1000
1000
1000
1000
16.703820555053476
15.2612261173313
1000
13.953468311243375
14.41118910676277
3.227297329922599
1000
1000
16.836132042453134
1000
1000
13.771478460855313
1000
1000
1000
14.02474535877036
15.68742556989594
16.77304045621983
13.9878170254507
13.333706729489483
15.10340922548505
1000
1000
16.99535100291479
1000
17.336332379317792
1000
1000
1000
1000
1000
15.967092630471154
1000
13.95923601911747
1000
15.657325923015605
1000
1000
1000
13.334172392577127
1000
1000
1000
3.228321915911711
1000
14.122092255196947
1000
14.396589070207142
14.16727102649141
1000
14.039755535725302
16.756817382442744
1000
16.12318959469873
1000
16.344470445914393
15.171970168349233
1000
3.2264377612614
1000
1000
1.6191128065926084
1.6184127325568471
1000
14.200651268073681
1000
1.616677275180382
17.3870402234986
13.676844929058017
1000
1000
1000
17.048091734405524
1000
1000
1000
1000
13.83235075836142
1000
1000
17.19448823159688
1000
1000
1000
1000
16.95165934763913
13.334203583265179
15.849959460013125
1000
0.0
1000
1000
1.6165528852719468
13.730190687960631
14.379671074578692
13.334269146997208
1000
1000
16.686255759490827
1000
13.98077689236246
3.224507098199834
16.23562487469874
1000
16.00153491976514
1000
0.0
16.486316234159922
1000
1000
17.220485379079186
15.492744363534674
1000
14.156307667448974
16.18942501193381
1000
1.6185795180829985
13.333766683960105
1000
1000
1000
16.659818273103035
1000
1000
1000
1000
1000
13.33415103055679
1000
17.42894516627146
1000
1000
1000
1000
1000
16.85746815337732
1000
1000
1000
1000
17.30547564683018
16.744338421332674
16.330302183603443
1000
17.10328254077038
13.333814187758334
13.662492150396398
1000
15.800277408959357
1000
0.0
0.0
1000
1000
15.020911997338214
13.655906315771912
13.560026932824218
1000
1.6163146465407277
14.869126850461452
1000
1000
13.630044351428591
1000
1000
1000
16.554820789659047
0.0
0.0
1000
15.5219896978415
1000
1000
1000
14.614203518058403
1000
13.334217904130115
1000
15.15458006358465
16.668511383918283
16.717179254289455
1000
0.0
1000
16.133366874558053
16.72010670175507
1000
1000
1000
1000
1000
1.6185351755302089
15.02193599689538
15.694609397515086
1000
1000
1000
0.0
15.148333628086256
15.390224489690755
1000
1000
1000
13.891088694107964
1000
1000
14.278593653933326
1000
15.32559877106577
1000
16.69798170838008
0.0
13.333860088233815
15.459573080961604
1000
1.6183930362843795
1000
13.949200972905814
13.912566529393175
13.948310689344202
17.035648746863888
1000
1000
1000
1000
16.865997345762295
15.94379491823194
16.38446882923445
16.400424185657435
1000
16.577380028520246
1000
1000
0.0
1000
13.739039018968494
16.215363269792235
16.495082650220528
1000
17.03181355431215
13.71656051219937
1000
15.589300518210493
1000
15.12903457895693
1000
1.619214319545394
15.789414502223469
1000
1000
14.928056596420618
13.836955314747861
1000
15.357077071476501
14.163573009718663
15.489627401716184
0.0
1000
0.0
1000
14.296606686954942
1000
17.127299633372655
13.334085181481642
1000
14.60806021721625
0.0
13.333987491670241
1000
1.6150387649814417
1000
1000
1000
14.563109090692318
1000
1000
1000
1.6177452194683561
17.380282247535703
3.2252697717063414
1000
14.084343959754602
13.678878016844372
16.876480976264578
16.789225071931842
15.860101529734752
14.70944541379496
3.2233692571994577
16.163707047051943
1000
1000
14.801025684421766
15.972040752112589
1.6162883100150718
16.186377478868998
16.620330819392027
14.59270732354971
17.199572301155328
13.462927426257618
1000
14.16587283263883
14.606594462996606
1000
15.420632809303852
17.158797515206327
16.537892238557898
0.0
1000
16.499548823857516
1000
1000
0.0
1000
1000
0.0
