0.6666829122332221
0.6672671681556693
1000
1000
1000
1000
1000
1000
0.33716079346190425
1000
1000
0.6659843903969107
1000
1000
0.666319798289825
1000
1000
1000
0.6692495139744588
1000
0.33825396568063104
1000
1000
1000
1000
1000
1000
0.6621624093469041
0.662386962467735
1000
1000
1000
1000
1000
1000
1000
1000
1000
0.3385524196131617
1000
1000
1000
1000
1000
1000
1000
1000
1000
0.6690669490278164
1000
1000
1000
1000
1000
1000
1000
1000
0.33905143922158787
1000
0.6666385436557593
1000
1000
1000
1000
1000
1000
1000
1000
1000
1000
1000
1000
1000
0.6663717558605308
1000
1000
1000
1000
1000
1000
1000
1000
1000
1000
0.666215621386592
1000
1000
1000
1000
1000
0.66532806169218
1000
1000
1000
1000
1000
1000
1000
1000
1000
1000
1000
1000
1000
1000
0.33489089912990455
1000
1000
1000
1000
1000
0.6627006287398227
0.6660078775501972
0.6628922907084168
1000
1000
1000
1000
1000
1000
1000
1000
1000
1000
1000
1000
1000
0.6648658843681056
1000
1000
1000
1000
1000
1000
0.66319949308374
0.6651286617830743
1000
1000
1000
1000
0.662254351379062
1000
1000
1000
1000
1000
1000
1000
1000
1000
1000
1000
1000
1000
1000
1000
1000
1000
1000
1000
0.0
1000
1000
1000
0.33671417984481916
1000
1000
1000
1000
1000
1000
1000
1000
1000
1000
0.6696412088994386
0.6660032568403456
0.6694600245049899
1000
1000
1000
1000
0.6626655932305916
1000
2.6670645713306693
0.33895372914852856
1000
1000
0.33460409308035993
1000
1000
1000
1000
1000
1000
1000
1000
1000
1000
0.6642462493573312
1000
1000
1000
1000
1000
0.6643571263381289
1000
1000
0.6633032129084523
1000
1000
1000
1000
1000
1000
1000
0.6649255697087664
1000
1000
1000
1000
1000
0.6661419062491242
1000
0.6681854080672394
1000
1000
1000
1000
1000
0.6651309635144327
0.6644675714966778
1000
1000
0.6653210439006204
1000
1000
1000
1000
1000
1000
1000
1000
1000
1000
1000
0.6636307652890175
1000
1000
1000
1000
1000
0.662804732314306
1000
1000
1000
1000
1000
1000
1000
1000
1000
1000
1000
1000
1000
1000
1000
1000
1000
1000
1000
1000
1000
1000
1000
1000
0.6637925300540114
1000
1000
1000
0.6667414709877625
1000
1000
0.33720664140173123
1000
1000
0.6635384277570968
0.6627340375216464
1000
0.3380250619709701
1000
0.6685770431544168
0.6653794457341689
1000
0.6686474234350973
1000
1000
1000
0.6625387102223604
1000
0.6639057493395101
1000
1000
1000
0.33785696505873397
0.6677070884640575
1000
1000
1000
1000
1000
1000
1000
1000
1000
0.6674703343800185
1000
1000
1000
1000
0.6694658210540841
1000
1000
1000
1000
1000
1000
1000
