1000
0.34888218310439606
0.34561284021353195
1000
1000
1000
1000
0.3430037696562004
1000
1000
0.17932649548384288
1000
1000
1000
1000
0.34730742437627043
1000
1000
1000
1000
1000
0.17594487785068477
1000
1000
1000
1000
1000
1000
1000
1000
1000
1000
0.34648602819035706
1000
1000
1000
0.17902957574089812
0.17743785309007484
0.3476327164242106
1000
1000
1000
1000
0.34242178393321665
1000
0.34173747463202675
1000
0.17511150591695587
1000
1000
1000
1000
1000
1000
1000
1000
1000
1000
1000
0.3442240380473401
1000
1000
1000
1000
1000
1000
1000
1000
1000
1000
1000
1000
1000
1000
1000
1000
1000
1000
1000
1000
1000
1000
1000
0.34640801809730687
0.17800334381598623
1000
0.1767609624212806
0.34956697339308984
1000
1000
1000
1000
1000
1000
0.17702468916560496
1000
0.34303034345958106
1000
1000
0.3445458115036931
1000
1000
1000
0.34411675622880344
1000
1000
1000
1000
1000
1000
1000
1000
1000
0.34598771816296997
1000
1000
1000
1000
1000
1000
0.3467992927476506
1000
1000
1000
1000
0.3450578685203076
1000
0.34505983323333794
1000
1000
1000
1000
1000
1000
1000
1000
1000
1000
1000
1000
1000
1000
1000
0.3426995558334553
1000
1000
1000
1000
1000
1000
1000
1000
1000
1000
1000
1000
1000
0.17594900082712944
1000
1000
1000
1000
1000
1000
1000
0.17677871083849112
1000
1000
1000
1000
1000
1000
1000
0.34729651763342373
1000
1000
0.3447384458749522
0.34946454920533104
1000
1000
1000
1000
1000
0.17788353784255675
1000
1000
1000
0.3448003769796835
0.1760074342145973
1000
1000
1000
1000
1000
1000
1000
0.1757781899429123
1000
1000
1000
1000
1000
1000
1000
1000
1000
0.17799045818308937
1000
1000
0.3446315575007299
0.1764566030544564
0.17666518512506493
0.34900430947668665
0.3452954303148746
0.34278020615038723
1000
1000
1000
1000
0.17675455060635312
1000
1000
0.1768969225312581
1000
1000
1000
1000
1000
1000
1000
1000
1000
1000
1000
1000
1000
0.347741231432542
1000
0.17945350051086684
1000
1000
0.3487922667784302
0.17915598801056357
1000
1000
1000
1000
1000
1000
1000
1000
1000
1000
1000
1000
1000
1000
1000
0.3441604025832623
1000
1000
1000
1000
1000
1000
1000
1000
1000
1000
1000
1000
1000
1000
1000
1000
1000
0.3440446514690513
1000
1000
1000
1000
1000
1000
0.3459495814277905
1000
1000
1000
1000
0.3468877443242295
0.17509682902906706
0.34406308867825486
1000
1000
0.343895175813896
1000
1000
1000
1000
1000
0.17758204081181908
1000
1000
1000
0.3445414271117739
1000
1000
1000
1000
1000
1000
1000
1000
1000
1000
0.3481425520684547
1000
1000
1000
1000
1000
1000
1000
1000
1000
1000
1000
1000
1000
1000
1000
1000
1000
0.3459860855929369
1000
1000
1000
1000
1000
0.3444041500305211
1000
1000
1000
1000
1000
1000
1000
1000
1000
1000
1000
1000
1000
1000
1000
1000
1000
1000
1000
1000
1000
1000
1000
0.3440927703614197
1000
1000
1000
1000
1000
1000
0.1787086410495174
1000
1000
1000
1000
0.17776597469983413
1000
1000
1000
1000
1000
0.3455967107824198
1000
0.34417098071747315
0.175092613202601
1000
1000
1000
1000
1000
0.344409376250422
1000
1000
1000
1000
0.34508624192017995
0.34455659055832144
1000
1000
0.34167150406830005
1000
1000
1000
1000
1000
0.34647037378365647
1000
0.34418143619300423
1000
0.34386659321569585
0.3448344450202609
1000
1000
1000
0.3453090378364686
0.34415081131357506
1000
1000
1000
1000
1000
1000
1000
1000
1000
1000
0.34865740759060265
1000
1000
0.3453450840662612
1000
1000
1000
1000
1000
0.34458754999996644
1000
0.17644578172034187
1000
0.0
1000
1000
0.34771523980378927
1000
1000
1000
1000
1000
1000
1000
0.3421395030894796
1000
1000
0.34488975669292926
0.346843687319595
1000
1000
0.34970931365546104
1000
1000
1000
1000
1000
1000
1000
1000
1000
1000
1000
0.17747095316693648
1000
0.17711749974722618
1000
1000
1000
0.3421488657819058
1000
1000
1000
1.3340524025702996
1000
1000
1000
1000
1000
1000
0.34457485777995495
1000
1000
0.17844617702727575
1000
1000
1000
1000
1000
1000
1000
1000
1000
1000
1000
1000
1000
0.3464302863040592
1000
0.3475417635064819
1000
0.1768278903271491
1000
1000
1000
1000
0.0
1000
1000
1000
1000
1000
0.0
0.1764670302365467
1000
1000
1000
1000
1000
0.34837961198624134
1000
1000
1000
1000
1000
1000
1000
1000
1000
1000
1000
1000
1000
1000
1000
1000
1000
1000
0.34396729411023697
1000
1000
1000
0.0
1000
1000
0.1767189456590524
1000
0.0
0.34658293516109356
1000
1000
1000
1000
0.1778595168362166
1000
1000
1000
1000
1000
1000
0.1766668695666795
0.17851007908965197
1000
1000
1000
1000
1000
1000
1000
1000
1000
0.17706979962445774
0.1764634800687775
1000
1000
1000
1000
1000
1000
1000
0.34562285530419534
1000
1000
0.3459978603334062
1000
1000
1000
1000
1000
1000
1000
1000
0.34502632313160897
0.0
1000
1000
1000
1000
1000
1000
1000
1000
1000
1000
1000
0.17615806360884434
0.17717477774319187
0.34689481283432927
1000
0.34470995215790745
1000
1000
1000
1000
1000
1000
1000
1000
1000
1000
1000
1000
1000
1000
1000
1000
1000
1000
1000
1000
1000
1000
1000
1000
0.17725717094647317
1000
1000
1000
1000
1000
1000
1000
1000
1000
1000
1000
1000
1000
1000
0.3447472101549257
1000
1000
1000
1000
1000
0.3450921525947067
1000
1000
0.34693454291551473
1000
1000
1000
1000
1000
1000
1000
1000
0.34227102096053325
1000
1000
1000
1000
1000
1000
0.176278938710601
0.3494801686506871
1000
1000
1000
1.333552500845623
1000
1000
1000
1000
1000
1000
1000
0.34809104852208983
1000
0.34451813135123277
1000
1000
1000
1000
1000
0.17633503869957656
1000
1000
1000
1000
1000
1000
1000
1000
1000
1000
0.17917286164002655
1000
1000
0.0
1000
0.3487619822646047
1000
1000
0.34222033972610333
1000
1000
1000
1000
1000
1000
1000
1000
0.17439297983380483
1000
0.17691116868371856
1000
1000
1000
0.0
1000
1000
1000
1000
1000
1000
1000
1000
1000
1000
1000
1000
1000
1000
1000
0.1768619529820302
1000
1000
0.3483589278916452
1000
1000
0.3461065422119988
1000
1000
1000
1000
0.17559948140704285
1000
1000
1000
1000
1000
0.34230220427373503
0.0
0.3442464580129801
0.349345262986219
0.3456982267877445
1000
1000
1000
1000
1000
1000
1000
0.34815754564712537
0.3444645586142339
1000
1.3337998269121316
1000
1000
0.34455365167374397
1000
0.178080946012273
1000
1000
1000
0.34291233329939413
1000
1000
1000
1000
1000
1000
1000
0.34132617957904643
0.0
1000
1000
0.17695552421768632
1000
1000
0.17658587559273506
1000
0.34541036913718176
1000
1000
0.34406301851422677
1000
1000
1000
0.3447209900084542
1000
1000
1000
1000
1000
1000
1000
0.34490021771574314
1000
1000
1000
1000
1000
1000
1000
1000
1000
1000
1000
1000
1000
1000
1000
1000
1000
1000
1000
1000
0.34387921224782486
1000
0.34202720853951524
1000
1000
1000
1000
1000
1000
1000
1000
1000
1000
1000
1000
1000
1000
1000
1000
1000
1000
1000
1000
1000
1000
1000
1000
1000
1000
1000
1000
1000
1000
1000
1000
1000
1000
1000
1000
1000
1000
1000
1000
1000
1000
1000
0.3478425372950032
1000
1000
1000
1000
1000
1000
1000
1000
0.0
0.34479627798974777
1000
1000
0.17726430194879347
1000
1000
1000
1000
1000
1000
0.3431179322120319
1000
1000
0.0
1000
1000
1000
1000
1000
1000
1000
1000
1000
0.34752210983035176
1000
0.0
1000
0.17618264913223686
1000
1000
1000
1000
1000
1000
1000
1000
1000
1000
1000
1000
1000
1000
1000
1000
1000
0.3462299423015396
1000
1000
1000
1000
1000
1000
1000
1000
1000
1000
1000
1000
1000
1000
1000
1000
1000
1000
1000
1000
1000
1000
1000
1000
0.34738244049505157
1000
1000
0.3438425299083179
1000
1000
0.3455165152550728
1000
0.34500672269677674
0.34739258090856284
1000
1000
0.34508458999180636
1000
1000
1000
1000
0.34979309421282506
1000
1000
1000
1000
1000
1000
1000
1000
1000
1000
1000
1000
1000
1000
1000
1000
1000
1000
1000
1000
1000
0.34618910936268493
1000
1000
1000
1000
1000
1000
1000
1000
1000
1000
1000
1000
1000
1000
1000
1000
1000
1000
0.34511692748631145
1000
1000
1000
1000
1000
1000
1000
1000
1000
1000
0.3450761042820725
1000
1000
1000
1000
1000
0.34589095233384104
0.344254051409569
1000
1000
1000
0.34794232825706184
0.34632441762536
1000
1000
