1000
1000
0.028685279947439093
1000
1000
1000
1000
1000
1000
1000
1000
1000
1000
1000
1000
1000
0.03027034324989355
1000
0.018645531821044094
0.02970423165194891
0.028390774271797342
1000
1000
0.028671744806940985
0.028871641286891597
1000
1000
1000
1000
1000
1000
1000
0.019511854117299575
0.019434513776784762
1000
0.027282685781943365
1000
1000
0.029616533391754504
1000
1000
1000
1000
0.019374361603621187
1000
0.024267707367993503
0.029949684763726933
1000
1000
1000
1000
1000
1000
1000
1000
1000
1000
1000
0.019827884617159182
1000
1000
1000
0.0204197420406181
1000
1000
0.029853008807724145
1000
1000
1000
1000
1000
1000
0.02652807501521822
1000
0.02830729481302026
1000
1000
0.027687035593057942
0.031938503617534864
0.02573659878633938
1000
0.026745016453166542
1000
1000
1000
0.028362854859493976
1000
1000
1000
1000
1000
1000
1000
0.02832705152559504
1000
1000
1000
1000
0.0300838276150621
1000
1000
1000
1000
1000
0.0170786370566665
1000
1000
1000
0.026535112053818415
1000
1000
0.028562199245830727
1000
1000
1000
1000
1000
0.024683711713187236
0.02861838503314238
1000
1000
1000
0.02571452632925076
1000
1000
0.02826492185764306
0.02860290105006725
1000
0.02617373383838495
0.027024806404636947
1000
1000
1000
1000
0.03209845720826093
1000
1000
1000
1000
0.01766480268627879
1000
1000
1000
1000
1000
1000
1000
1000
1000
1000
1000
1000
1000
0.0301249333868119
1000
0.026533274171342228
0.02861893114956285
1000
1000
0.026390022613119426
1000
1000
1000
1000
1000
1000
0.018480942398437093
1000
1000
1000
1000
0.028520237692670307
0.031013054153120126
1000
1000
1000
1000
1000
1000
1000
1000
1000
1000
1000
1000
1000
1000
1000
1000
1000
1000
0.017548227291873164
1000
1000
0.02482047560390649
1000
0.027812350402081146
1000
1000
1000
0.031092563243795203
1000
1000
1000
1000
1000
1000
1000
0.018197117588754332
1000
1000
1000
1000
1000
1000
1000
1000
1000
1000
1000
1000
0.020015476801668895
1000
1000
1000
1000
1000
1000
1000
1000
1000
1000
1000
1000
1000
0.03075239008255759
1000
1000
1000
1000
1000
1000
1000
1000
1000
1000
1000
1000
1000
1000
1000
1000
1000
0.016819306186419587
1000
1000
1000
1000
1000
1000
1000
0.030166575287160435
1000
0.029218681281332006
1000
1000
1000
1000
1000
1000
0.017540422580003424
1000
1000
1000
1000
0.029931241108329835
1000
1000
1000
0.020937814588047485
1000
1000
1000
1000
1000
1000
0.030841375754076042
0.02650414849769231
1000
1000
1000
1000
1000
1000
0.01666788788987321
1000
1000
1000
1000
0.029949917078754558
1000
1000
1000
0.02486635211967657
0.02962472607026871
1000
1000
1000
1000
1000
1000
1000
1000
1000
1000
1000
1000
1000
0.0301899361460845
1000
0.02674653835589233
0.02775412780311404
1000
1000
0.02642863750224307
1000
1000
0.02676721512609055
1000
0.017727200201043843
1000
1000
1000
1000
1000
1000
1000
1000
1000
1000
0.030098086958429277
1000
1000
1000
1000
1000
1000
1000
1000
1000
1000
1000
0.02806146911661994
1000
1000
1000
1000
1000
0.02731262077545451
0.027855713364484128
1000
1000
1000
1000
0.02669764594309855
1000
0.02094135713807054
1000
1000
1000
1000
1000
1000
1000
1000
1000
1000
1000
1000
1000
0.020129292487116673
1000
1000
1000
1000
1000
1000
1000
0.028000540766522405
1000
1000
1000
1000
0.027363107796358956
0.017015539060007776
1000
0.02463133384257723
0.0
1000
1000
0.030490597427542447
1000
1000
0.029687577360310694
1000
1000
1000
1000
1000
1000
1000
1000
1000
1000
1000
1000
1000
1000
1000
1000
1000
1000
1000
1000
0.030898131689979486
1000
1000
1000
1000
1000
1000
1000
1000
1000
1000
1000
1000
1000
1000
1000
1000
0.014284028384072932
1000
1000
1000
1000
1000
1000
1000
1000
1000
1000
1000
0.029162867661511577
1000
1000
1000
0.027456092097977995
1000
1000
1000
1000
1000
1000
1000
1000
1000
1000
0.028026575058802683
0.02662645401323102
1000
1000
1000
0.026219612765466214
1000
1000
1000
1000
1000
1000
0.0
1000
1000
1000
0.01762444285997135
1000
1000
1000
1000
1000
1000
1000
1000
1000
1000
1000
1000
1000
1000
1000
1000
0.02524193628386289
1000
1000
1000
1000
1000
1000
1000
1000
1000
1000
1000
1000
1000
1000
1000
1000
1000
1000
0.025758576582769227
1000
1000
1000
1000
1000
0.016894441753272045
0.01899170236522466
1000
1000
1000
1000
1000
0.01720706026617959
1000
1000
1000
0.013535584961776967
1000
1000
1000
1000
1000
1000
1000
1000
1000
1000
1000
1000
1000
1000
1000
1000
0.014223598518697738
1000
1000
1000
1000
1000
0.019943198658726
1000
1000
1000
1000
0.018766115203496504
1000
1000
1000
0.029548959278028388
1000
1000
1000
1000
1000
1000
1000
1000
1000
1000
1000
1000
1000
1000
1000
1000
1000
1000
1000
1000
0.029077565249794726
1000
1000
1000
1000
1000
1000
1000
1000
1000
1000
1000
1000
1000
1000
1000
1000
1000
1000
1000
1000
1000
1000
0.030330431385218314
1000
1000
1000
0.03304110577880619
1000
1000
1000
0.0284301981663388
0.0
1000
1000
1000
1000
1000
1000
1000
1000
1000
1000
1000
0.026184730130525857
1000
1000
0.03094587712617001
1000
1000
0.028967002501474583
1000
1000
1000
1000
1000
1000
1000
0.026214874422850306
1000
0.017686221285229523
0.030666025626873636
1000
1000
1000
0.01967766872431237
1000
0.030324887478081104
0.03154311362268657
1000
1000
1000
0.026037822404148397
1000
1000
0.027334007226258037
1000
0.03123372629748393
1000
1000
1000
1000
1000
1000
1000
1000
1000
1000
1000
1000
1000
1000
1000
1000
0.013782279037884943
1000
1000
1000
1000
0.027100818043659776
1000
1000
0.032915921425377234
0.029058289589373846
0.013414446208245528
1000
1000
1000
1000
1000
1000
1000
0.014300774531595088
1000
0.030813676522606637
1000
1000
1000
0.018242497610148997
1000
1000
1000
0.02840401374165352
1000
1000
0.02683465349629998
1000
1000
1000
1000
1000
1000
1000
0.030658586679739145
1000
1000
1000
1000
1000
1000
1000
1000
1000
1000
1000
1000
1000
1000
0.0
1000
1000
1000
1000
1000
1000
1000
1000
0.02893086335583027
1000
1000
1000
0.013644563588929334
1000
1000
1000
1000
1000
0.028014959982840537
1000
1000
1000
1000
1000
0.028750730519841724
1000
1000
1000
1000
1000
1000
1000
1000
1000
1000
1000
1000
1000
1000
1000
0.030710081767680808
1000
1000
1000
0.029077678033007932
1000
1000
1000
1000
1000
1000
1000
1000
1000
1000
1000
1000
1000
1000
1000
1000
0.018473866767251646
1000
1000
0.028217975386300092
1000
1000
1000
1000
1000
1000
1000
1000
1000
1000
1000
1000
0.0
1000
0.01929913869121681
0.027816160777673023
1000
1000
1000
1000
1000
1000
0.029333846008507455
1000
1000
1000
1000
0.030974172640136216
1000
1000
1000
1000
1000
1000
0.027755214329373147
1000
1000
1000
1000
1000
1000
1000
1000
0.03069496883517083
1000
1000
0.03126898304645598
0.027916210873161873
1000
1000
1000
1000
1000
1000
1000
1000
1000
1000
1000
1000
1000
1000
1000
0.025930726625114336
0.017993166049192155
1000
0.02991155271475826
1000
1000
1000
1000
1000
1000
1000
1000
1000
0.028144446590221053
0.026999000155669604
1000
1000
1000
1000
1000
0.0
1000
1000
1000
1000
1000
0.029540580559838357
1000
0.028990377232836036
1000
1000
1000
1000
1000
1000
1000
1000
1000
1000
1000
1000
1000
0.019769917191535313
1000
1000
1000
1000
1000
1000
1000
0.027461021457447728
1000
1000
1000
0.029183084581446757
1000
0.0
1000
1000
0.029196652683889508
1000
1000
0.017346365514722104
1000
0.02860454997318889
0.02907076881738622
1000
0.031836952130374734
1000
1000
1000
1000
1000
0.0
1000
1000
0.030390310110136785
0.03049811268258832
1000
1000
0.0
1000
1000
1000
1000
0.013423676773823194
1000
1000
1000
1000
1000
1000
1000
0.019662400360934154
1000
0.02597352226431275
1000
1000
1000
1000
0.01761218010044566
0.028323704296890104
1000
1000
1000
1000
0.027886673899244416
1000
1000
1000
1000
0.027576833284248183
1000
1000
1000
1000
1000
1000
1000
1000
1000
1000
1000
1000
1000
1000
1000
1000
1000
1000
1000
1000
1000
0.029105570715509586
1000
1000
1000
1000
1000
1000
1000
1000
0.018239464662331405
0.0
0.02986524132071281
1000
1000
1000
1000
1000
1000
1000
1000
1000
1000
1000
1000
0.030245470804768436
1000
1000
0.031534406167225554
1000
0.02934924729074688
1000
1000
0.013589920595236556
1000
0.016712831996918306
1000
1000
1000
1000
1000
1000
0.0
1000
1000
1000
1000
1000
1000
0.027612962750233908
1000
1000
1000
1000
1000
1000
1000
1000
1000
1000
0.0
1000
1000
0.0
0.01921040319678991
1000
1000
1000
1000
1000
1000
1000
1000
1000
0.030666601071898517
1000
1000
1000
1000
0.025971872300739503
1000
1000
1000
1000
1000
1000
1000
1000
1000
1000
1000
1000
1000
1000
1000
1000
1000
1000
0.027197106009400708
0.026581187868974926
1000
1000
1000
1000
1000
1000
1000
1000
1000
1000
1000
0.02746961939274272
1000
1000
1000
1000
1000
1000
1000
1000
1000
1000
1000
1000
1000
1000
1000
0.026937486544470784
0.026189418152807634
1000
1000
1000
1000
1000
1000
1000
1000
1000
1000
1000
1000
1000
1000
1000
1000
1000
1000
0.02708545592633648
1000
1000
1000
1000
1000
1000
1000
1000
1000
1000
1000
1000
1000
1000
1000
1000
1000
1000
1000
1000
1000
1000
1000
1000
1000
1000
1000
1000
0.030443408447259148
0.0
1000
1000
0.029184214393025765
1000
1000
1000
1000
1000
1000
1000
0.02919305880631494
1000
1000
1000
1000
1000
1000
1000
1000
1000
1000
1000
1000
1000
1000
1000
1000
0.0191992296215684
1000
1000
1000
1000
1000
1000
1000
1000
1000
1000
1000
0.029880612424251798
1000
1000
1000
1000
1000
1000
1000
1000
0.0266529430886478
0.02890363185886495
1000
1000
1000
1000
1000
1000
1000
1000
1000
1000
1000
1000
1000
0.028291446559150855
1000
1000
1000
0.019389229758873597
1000
1000
1000
1000
1000
1000
1000
1000
1000
1000
1000
1000
1000
1000
1000
1000
1000
1000
1000
1000
1000
1000
1000
1000
0.029866111929676503
1000
1000
0.025239664044634413
1000
1000
0.017901804106593602
1000
1000
0.025067611233779857
1000
0.029154037322596818
1000
1000
0.0
1000
1000
0.028840176876315404
1000
1000
0.013588814989466784
1000
1000
1000
1000
1000
1000
1000
1000
1000
1000
1000
0.029517835302034473
1000
1000
1000
1000
1000
1000
1000
0.01411135376414093
0.013828431916344015
1000
1000
1000
1000
0.013407397107410284
1000
1000
1000
1000
1000
1000
1000
1000
0.013722444058479583
0.029236955806351907
0.017884200239297446
0.0
1000
1000
0.02626527573973466
1000
1000
1000
1000
0.03000232366316543
1000
1000
1000
0.026863929265646375
1000
1000
1000
0.02803389484293016
1000
0.014074667064670067
1000
1000
1000
1000
1000
1000
1000
1000
1000
1000
1000
1000
1000
1000
1000
0.01885141293118183
1000
1000
1000
1000
0.01864264774139309
1000
1000
0.031161864754306344
1000
1000
1000
1000
1000
1000
1000
1000
1000
0.026791581827835517
1000
0.03202211923671193
1000
1000
0.027400480999107683
0.026619606419922927
1000
1000
1000
1000
0.029260258588751455
1000
1000
0.0
1000
1000
1000
1000
1000
1000
1000
1000
1000
1000
1000
0.0
0.02722953325865165
1000
1000
0.013924456253128025
1000
1000
1000
1000
1000
1000
0.013916341320314479
1000
1000
1000
1000
1000
1000
0.028144566560272897
1000
1000
1000
1000
1000
0.031138680475731415
1000
1000
0.02671850912154953
1000
1000
1000
1000
1000
1000
1000
1000
0.02470769132831875
1000
0.031239019856717752
1000
1000
1000
0.03031558783708178
1000
0.03144735473206877
1000
1000
0.0187788638384691
1000
1000
1000
0.0
0.02833139345969632
1000
1000
0.013728915825189985
1000
1000
0.031324122116419065
0.0
1000
1000
0.014008421754512756
1000
1000
1000
0.025341076838333074
1000
0.013451917494147788
1000
0.02815323392037402
1000
1000
1000
1000
1000
0.030640731306815952
1000
1000
1000
0.027100020519692933
1000
0.02486453069259095
1000
1000
1000
0.02596827498144428
1000
1000
1000
1000
1000
1000
0.025377407231798342
1000
1000
1000
1000
1000
1000
1000
1000
1000
1000
1000
1000
1000
1000
1000
1000
1000
1000
1000
1000
1000
0.029610416164526865
1000
1000
1000
1000
1000
1000
1000
0.02648594987013981
1000
1000
1000
1000
1000
0.0
1000
1000
0.0
1000
0.014082331146930246
0.03079838509852232
1000
1000
1000
0.01378973796631479
1000
1000
1000
1000
0.02923170797783413
1000
1000
1000
0.016396520035678652
1000
1000
1000
1000
1000
1000
1000
1000
0.014259011205167203
0.029573823011525082
1000
1000
1000
1000
1000
1000
1000
1000
1000
1000
1000
1000
0.013948473442297602
1000
1000
1000
1000
1000
1000
1000
0.03112093614859211
1000
1000
1000
1000
1000
1000
0.0
1000
1000
1000
1000
1000
1000
1000
0.013619291047077285
1000
1000
1000
1000
1000
1000
1000
1000
1000
1000
1000
1000
1000
1000
0.013551770885849478
1000
1000
0.029036797840446472
1000
1000
1000
1000
1000
1000
1000
0.018402969719249453
1000
1000
1000
1000
0.0
1000
1000
1000
1000
1000
1000
1000
1000
1000
0.0
1000
1000
1000
1000
1000
1000
1000
1000
0.0
1000
1000
1000
1000
1000
1000
1000
1000
1000
1000
0.026625918447211572
1000
1000
1000
1000
0.0267503340243171
0.02625426511957507
1000
1000
1000
1000
1000
1000
1000
1000
1000
1000
1000
1000
1000
1000
1000
1000
1000
1000
1000
1000
1000
0.027806796551428505
1000
1000
1000
1000
1000
1000
1000
1000
1000
1000
1000
1000
1000
1000
1000
0.019793361907291983
1000
1000
1000
1000
1000
1000
0.0
1000
1000
1000
1000
1000
0.021142666168822752
1000
0.01371235623729487
1000
1000
1000
1000
1000
0.030269662743313795
1000
1000
1000
1000
1000
1000
1000
1000
1000
1000
1000
1000
1000
1000
1000
0.0
0.0
1000
0.028744915216183983
1000
1000
1000
1000
1000
0.013588599431955992
1000
1000
1000
1000
1000
0.0
1000
1000
1000
1000
1000
1000
1000
1000
1000
1000
0.0
1000
1000
1000
1000
1000
1000
1000
0.013385285595334447
1000
1000
1000
1000
1000
1000
1000
0.028808879864746777
1000
1000
1000
1000
1000
1000
0.028467852628973486
1000
1000
1000
1000
1000
1000
0.013548239252592542
1000
1000
1000
1000
1000
1000
1000
1000
1000
1000
1000
0.030207016181053113
1000
1000
1000
0.0
1000
1000
1000
1000
0.03163642444139799
0.025226237903203535
1000
0.030952752596921485
1000
1000
1000
1000
1000
1000
1000
1000
1000
1000
1000
1000
1000
1000
0.0288374330066479
1000
1000
1000
0.029960419977526465
1000
0.029857409175054434
1000
1000
0.02532904210991333
0.027380937625668247
1000
1000
0.02022601953583379
1000
1000
1000
1000
0.014111092127171633
1000
0.02057755790259938
1000
1000
1000
1000
1000
0.01380144645549174
1000
1000
1000
1000
1000
1000
1000
1000
1000
1000
1000
1000
1000
1000
1000
1000
1000
1000
1000
1000
1000
1000
0.02444525905196531
0.013406547711131752
0.02978363743443517
1000
1000
1000
0.017046191067004886
1000
1000
1000
1000
0.02612813135820055
0.030613660004217065
1000
0.017785558642293288
1000
0.02958703816844177
0.030274568258986927
1000
1000
1000
1000
1000
1000
1000
1000
1000
0.014127048352277658
1000
1000
1000
0.013676298405012345
1000
0.0
0.013395350749648755
1000
0.015990456740437368
1000
1000
0.013924201283848187
1000
1000
0.029694014614651446
1000
1000
1000
1000
1000
1000
1000
0.019323300069853847
0.02941902087076311
1000
0.0
1000
1000
1000
1000
1000
1000
0.019173136983109067
0.029887643492082602
1000
0.0
1000
1000
1000
1000
0.0
0.031609758072610177
1000
0.029316269358792515
1000
1000
1000
1000
1000
1000
1000
1000
1000
1000
0.0300533537481443
1000
1000
1000
1000
1000
1000
0.014051745279229888
1000
1000
1000
1000
1000
1000
1000
0.026025979992430982
1000
1000
1000
1000
1000
0.0
1000
1000
0.013778177653347816
1000
1000
1000
1000
1000
1000
1000
1000
0.0
1000
1000
1000
1000
1000
0.017999349593214732
1000
1000
0.027620352714452623
1000
1000
1000
1000
1000
1000
1000
1000
0.01880974275712235
1000
1000
1000
1000
0.0
1000
0.02628443004438625
1000
0.026478242137145374
1000
0.01617210446850427
1000
1000
0.03187694337317007
0.013390164090464085
1000
0.0
0.01788307561632691
0.02517734920145922
1000
1000
1000
1000
1000
1000
1000
1000
1000
1000
1000
1000
0.0
0.01862370200989548
1000
1000
1000
0.028305950843975552
1000
1000
0.024803561677711725
1000
1000
1000
1000
1000
0.0138879219185586
1000
0.027267103223629352
0.014176080128468223
0.0
1000
1000
1000
1000
1000
1000
1000
0.027500207607777764
1000
0.027649419272896894
1000
1000
1000
0.025997636065517207
1000
1000
1000
1000
1000
0.013729751027594975
1000
1000
1000
1000
1000
1000
1000
0.030858953616453477
1000
1000
1000
0.026412788941212906
1000
1000
0.028340884318468013
1000
1000
1000
1000
1000
0.01724913045766167
0.01412268028237665
1000
1000
1000
1000
1000
1000
1000
1000
0.0
1000
1000
1000
0.0
1000
1000
1000
1000
0.0
1000
0.013824097680512484
1000
1000
0.013896959871214178
1000
1000
1000
1000
1000
1000
1000
1000
1000
1000
1000
0.014199435011719146
1000
1000
1000
1000
1000
0.013334484343926338
0.01432797965259796
1000
1000
1000
1000
0.030266347884598546
0.018347221386708138
1000
0.01407021884049302
1000
1000
1000
1000
1000
1000
1000
1000
1000
1000
0.029861037414085065
1000
1000
0.013706712074037444
1000
1000
0.031058397975454476
1000
1000
1000
1000
1000
0.013347770458423393
1000
1000
1000
1000
1000
1000
1000
1000
1000
1000
0.01841774170803441
0.0
1000
1000
1000
1000
1000
1000
1000
1000
1000
0.030881199688612374
1000
1000
1000
1000
0.028745934873214987
1000
1000
1000
0.02734616678796721
0.0
1000
1000
0.019804530963398535
0.02869885525987504
1000
0.013604189975911686
0.031114506832240603
1000
1000
1000
1000
1000
1000
1000
0.027839189074260053
0.0300845420231782
1000
0.013843894068639775
1000
1000
0.026979646933904713
1000
1000
1000
1000
1000
1000
1000
1000
1000
1000
0.029907709215590543
1000
1000
1000
0.026445881890717057
0.0
1000
0.0
0.028250029741310384
1000
1000
1000
1000
1000
1000
1000
1000
0.030016946454838454
1000
1000
1000
1000
1000
0.027733766872025674
0.0
1000
1000
1000
1000
1000
1000
0.026433897422944233
1000
1000
1000
0.031650590962870984
1000
1000
1000
0.013924925581687507
0.031771890921841184
1000
1000
1000
1000
1000
1000
1000
0.028183095587446187
0.02785014833384453
1000
0.028449269019411833
1000
1000
1000
1000
0.013923424717079667
1000
1000
1000
1000
1000
1000
1000
1000
1000
1000
1000
1000
1000
1000
1000
1000
1000
1000
1000
1000
1000
1000
1000
1000
1000
1000
1000
1000
1000
1000
0.027043963698751585
1000
0.018546522990445895
1000
1000
0.0
1000
0.031008772288551315
1000
1000
1000
1000
1000
1000
1000
0.03043752891089829
1000
1000
1000
1000
0.0302452785132912
0.02678023210429934
1000
1000
1000
1000
1000
0.0
1000
1000
0.03249119450065164
1000
0.025821508567588122
0.013936786897185244
1000
1000
0.024707921245069236
1000
1000
0.0
1000
1000
1000
1000
1000
0.01966026525090318
1000
1000
1000
1000
1000
1000
1000
1000
1000
1000
0.02755774240072835
1000
1000
1000
1000
1000
1000
1000
1000
1000
1000
0.0
1000
1000
1000
0.03247696660178222
1000
0.028232379052241678
1000
1000
0.0138766770894965
1000
1000
1000
0.02671568377404825
1000
1000
0.0
1000
1000
1000
1000
1000
0.014213706901257901
1000
1000
1000
1000
1000
1000
1000
1000
1000
1000
1000
1000
1000
1000
0.0186040198125194
1000
1000
1000
1000
1000
1000
1000
1000
1000
1000
1000
1000
1000
1000
1000
1000
1000
1000
1000
1000
1000
1000
1000
1000
1000
1000
1000
1000
0.0
1000
0.013335829589793052
1000
0.014232156542357871
1000
1000
1000
1000
1000
1000
0.013913566218803186
0.014048320438220602
1000
0.018163576140327205
1000
1000
1000
0.029444388049706595
1000
1000
0.031177483567535295
0.031629979169998615
1000
1000
1000
1000
1000
1000
1000
1000
1000
1000
1000
1000
1000
1000
0.0
1000
1000
0.018590892632750926
1000
1000
0.02113935694454045
0.02030977147895023
0.013502233050683021
1000
1000
1000
1000
1000
1000
1000
1000
1000
0.02890595142033124
1000
1000
1000
1000
1000
1000
1000
1000
1000
0.014300001205128586
0.029845904092615456
0.03281134796236475
1000
1000
1000
1000
1000
1000
1000
1000
0.027899263309823896
1000
0.019910502827938742
1000
0.0
1000
1000
1000
1000
1000
0.013590639333286171
1000
1000
1000
1000
1000
1000
1000
1000
1000
1000
1000
1000
1000
1000
1000
0.013892944896983967
1000
1000
1000
1000
1000
1000
1000
1000
1000
1000
1000
1000
1000
1000
1000
1000
1000
1000
1000
1000
1000
0.031074856176341377
1000
1000
0.029964102326684408
1000
1000
1000
0.017666717569431202
1000
1000
1000
1000
1000
0.026110237628129196
1000
0.0
1000
1000
0.013823922785245597
1000
1000
1000
1000
1000
1000
0.02822874883128252
1000
1000
1000
1000
1000
0.013491506817312763
1000
0.027504289259776635
1000
1000
1000
1000
0.013701730730894436
1000
1000
0.030444495934928283
1000
0.031158890477408566
1000
1000
1000
1000
1000
1000
1000
0.03272716916413389
1000
0.027269378249586328
1000
1000
1000
1000
1000
1000
0.0
1000
1000
1000
0.02575567262659581
1000
1000
1000
0.01339316057175353
1000
1000
0.021089935547199984
1000
1000
1000
1000
1000
0.0
1000
1000
1000
0.026520531519206185
0.027784569664040658
0.0
1000
1000
1000
1000
1000
0.013664524811184664
1000
1000
1000
1000
1000
1000
0.02681617103804538
1000
1000
1000
1000
0.030243840922635084
0.027965383222983663
1000
1000
1000
1000
1000
0.03035273445425294
0.017720531592500643
1000
1000
1000
1000
1000
1000
1000
0.0
1000
1000
1000
0.02764549910443179
1000
1000
1000
1000
1000
1000
0.013514535818587189
1000
1000
1000
1000
1000
0.014307044622669324
1000
0.028030244716891604
1000
1000
1000
1000
1000
1000
1000
1000
1000
0.01865171106246908
1000
1000
1000
1000
1000
1000
1000
0.0
0.013731177318969143
1000
1000
1000
0.0
1000
1000
1000
1000
1000
1000
0.0
0.0
1000
1000
1000
1000
1000
1000
1000
1000
1000
0.01427206593801105
1000
1000
1000
1000
1000
0.0
1000
0.026128994339951753
1000
1000
1000
1000
1000
1000
1000
1000
1000
1000
0.0
1000
1000
0.019860468130116597
1000
1000
1000
1000
1000
1000
1000
1000
1000
1000
1000
0.031353802528239674
1000
0.017048617789410185
1000
1000
1000
1000
1000
1000
1000
1000
1000
1000
1000
1000
0.02925303499235388
1000
1000
0.016430142886342796
1000
1000
1000
0.018771517735611875
1000
1000
1000
0.02750463435389451
1000
1000
1000
1000
1000
1000
1000
1000
1000
1000
1000
1000
1000
1000
1000
0.02706899612147034
0.0
1000
1000
1000
1000
1000
0.02736517196930152
1000
1000
0.0
1000
0.021233376985683894
1000
0.017947617259003318
0.014312340609643271
0.026878330441098344
1000
1000
1000
1000
1000
0.03159590719548367
1000
1000
1000
1000
1000
1000
0.013992008158305655
1000
0.01862296962301792
1000
1000
1000
1000
1000
1000
1000
1000
1000
1000
1000
1000
1000
1000
1000
1000
1000
1000
1000
1000
1000
1000
0.030253063396346633
1000
1000
0.026741855544526676
1000
1000
1000
1000
0.02625512041861763
0.017585059649076744
1000
1000
1000
0.013630048109282231
1000
1000
1000
1000
1000
1000
1000
1000
1000
1000
1000
0.028456635391366353
1000
0.027782676905898984
1000
1000
0.0
1000
1000
1000
1000
1000
1000
1000
0.030066488756001312
0.0
1000
1000
1000
1000
1000
1000
1000
1000
1000
0.013870637006880746
0.016132130281203853
1000
1000
1000
0.0
1000
0.026368701636090102
1000
0.032497270681832044
1000
0.020928489174762983
1000
1000
1000
1000
1000
1000
1000
1000
1000
0.0
1000
1000
0.0
1000
1000
1000
1000
0.020231663344668055
1000
1000
1000
1000
1000
1000
0.025152122713202996
1000
0.014316937339111267
1000
1000
1000
1000
0.0
1000
1000
1000
1000
1000
0.029229197372759225
1000
1000
1000
0.020418041801928688
1000
1000
1000
1000
1000
1000
0.0
1000
0.014298477049738734
1000
1000
0.02829274039693034
1000
1000
1000
1000
1000
1000
1000
1000
1000
1000
1000
1000
1000
1000
1000
1000
1000
1000
1000
1000
1000
1000
1000
1000
1000
0.017743584029092346
1000
1000
1000
1000
1000
1000
1000
0.01913801289557783
0.01404055975744976
0.027475879466117806
1000
1000
1000
1000
1000
1000
1000
1000
1000
1000
1000
1000
1000
0.013443986031179248
1000
0.029895237806821427
1000
0.02632723921308526
1000
1000
1000
1000
1000
1000
1000
1000
1000
1000
1000
1000
1000
1000
1000
1000
1000
1000
1000
1000
1000
1000
0.013677447510080817
1000
1000
1000
1000
0.027888080339634434
0.03058489811876257
1000
1000
1000
0.03256929447863454
1000
1000
1000
0.013375910654771438
1000
1000
1000
1000
1000
0.013609220897760056
1000
1000
1000
0.014315267779694083
0.018475882148574548
1000
0.0
0.01392590669478746
1000
1000
0.03099500808715591
1000
0.0
1000
1000
1000
1000
1000
1000
0.026948306145858913
0.014125454405168787
1000
1000
1000
1000
1000
1000
1000
1000
1000
1000
1000
0.0
0.029434289657183137
1000
0.0
1000
1000
0.0
1000
1000
1000
1000
0.028724859105886652
1000
0.016733787670936886
1000
1000
1000
0.013516066413565257
1000
1000
0.027656752170246483
1000
0.0
1000
1000
1000
1000
1000
1000
0.013405083856703933
1000
1000
1000
1000
1000
1000
1000
1000
1000
1000
1000
0.0
1000
1000
1000
1000
1000
1000
1000
1000
1000
0.013537466216641394
1000
0.017400875484927265
1000
1000
1000
0.013342000794912535
1000
1000
1000
1000
1000
1000
0.0
1000
1000
1000
1000
1000
1000
1000
1000
1000
0.01365353707629535
1000
0.014128396355790263
1000
1000
1000
1000
1000
0.015778214317718916
1000
1000
1000
0.026757389015036884
1000
1000
1000
0.027162181807097688
1000
1000
1000
0.02744681158582138
1000
1000
1000
1000
1000
1000
1000
1000
0.027623216811554413
1000
1000
1000
1000
0.0
1000
0.03187244701797055
0.0
1000
1000
1000
1000
1000
1000
1000
1000
1000
1000
1000
1000
1000
1000
1000
0.0
1000
1000
1000
1000
1000
0.01793675543486584
1000
1000
1000
1000
1000
0.019703666835796912
1000
1000
1000
1000
1000
1000
1000
0.02932983670287831
1000
1000
1000
0.027629151096805686
1000
1000
1000
0.013810214703958778
1000
1000
1000
1000
1000
1000
1000
1000
1000
1000
1000
1000
0.0
0.03277831685381019
0.028365515324188545
0.0
1000
1000
1000
0.02783779799972164
0.0
1000
1000
1000
1000
1000
0.030816855588289123
1000
1000
1000
1000
1000
1000
1000
1000
1000
1000
1000
1000
0.0
0.03222776554273197
0.014173601289826499
1000
1000
1000
1000
1000
1000
1000
0.0
1000
1000
1000
0.02770813302345191
1000
1000
1000
1000
1000
1000
1000
1000
1000
1000
1000
1000
1000
1000
1000
1000
0.030196831301245078
1000
1000
0.014059135599178835
1000
1000
0.01371661522060423
1000
0.026766396042913025
1000
1000
1000
0.0
1000
0.02809168208551664
1000
1000
1000
1000
1000
1000
1000
0.029262472303060907
1000
1000
0.03204342567031905
0.0
1000
1000
1000
1000
1000
1000
1000
1000
1000
0.0
1000
1000
1000
1000
1000
1000
1000
1000
1000
0.029399718600966504
1000
1000
1000
1000
1000
1000
1000
1000
0.0
1000
1000
1000
1000
1000
0.013915867625503944
1000
1000
1000
1000
0.0
1000
1000
1000
1000
1000
1000
1000
1000
1000
0.028623858705680925
0.0
1000
1000
1000
1000
0.020030589649990743
1000
1000
1000
1000
1000
0.029218243032491764
0.013569616821374215
1000
1000
1000
1000
1000
0.013431188401103782
1000
1000
1000
0.013846057947639172
1000
1000
1000
1000
1000
1000
1000
1000
1000
1000
1000
0.013509455298026206
1000
0.018856198089085716
0.0
1000
0.013407488409842376
1000
1000
1000
0.02820359779911197
0.0
1000
1000
1000
1000
1000
1000
1000
1000
1000
1000
1000
1000
1000
1000
1000
1000
0.029901536167901793
1000
1000
0.018519464850902896
1000
1000
1000
1000
0.01416647346107516
1000
0.019666885627154213
1000
1000
0.028905555722509677
0.0
1000
0.03044842698350024
1000
1000
1000
1000
1000
1000
1000
0.0
0.014112144707534097
1000
1000
1000
1000
0.0
1000
1000
1000
1000
1000
1000
1000
0.0
1000
0.027804904973506066
0.029281153905269516
1000
0.029862321549826987
1000
1000
1000
0.013420851715712551
0.013830334387195053
1000
1000
1000
1000
1000
1000
0.013557179176043639
1000
1000
1000
0.017366607088855568
1000
1000
1000
0.01412908435849904
1000
0.0
0.013688009711230876
1000
1000
1000
0.0
1000
1000
1000
1000
1000
1000
0.01358689581202113
1000
1000
1000
0.0
1000
1000
1000
1000
1000
1000
1000
1000
1000
1000
1000
1000
0.01375064704105166
1000
1000
1000
1000
0.03026600937423549
0.013931703274286946
1000
1000
1000
0.013489654147005073
1000
1000
1000
1000
1000
1000
1000
1000
1000
1000
0.013891650150577153
1000
1000
0.028802777474702612
1000
1000
1000
1000
1000
1000
1000
1000
1000
1000
1000
1000
1000
1000
1000
1000
1000
1000
1000
1000
1000
1000
1000
0.030368803046217578
0.0
1000
1000
1000
1000
1000
1000
1000
1000
1000
1000
1000
1000
0.013761861550707473
1000
0.0
1000
0.0
1000
1000
1000
1000
1000
1000
1000
0.0
1000
1000
1000
1000
1000
1000
1000
1000
1000
1000
1000
1000
1000
1000
0.016801579742737986
1000
1000
1000
1000
1000
1000
0.030565053439200858
0.029270294868457024
1000
1000
1000
1000
1000
1000
1000
1000
1000
0.0
1000
0.0
1000
1000
1000
1000
1000
1000
1000
1000
1000
1000
1000
1000
1000
1000
1000
0.030697203778777993
1000
1000
0.0
1000
1000
0.02614495199258703
0.029783426396828995
1000
1000
0.0
1000
0.014131917538447582
1000
1000
1000
0.01941769261554208
1000
1000
1000
1000
1000
1000
0.013646187083174412
0.026693031386120235
0.029921941377585977
1000
1000
1000
1000
1000
1000
1000
1000
1000
1000
1000
1000
1000
0.014286378281648205
1000
0.02619754789823914
1000
1000
1000
0.029255719093984917
0.029421473647857112
1000
1000
1000
1000
0.0
1000
1000
1000
1000
1000
1000
1000
1000
1000
1000
0.0
1000
1000
1000
1000
1000
0.028530001343826855
1000
1000
1000
1000
0.014023546924658212
1000
1000
0.030490976563966203
1000
0.0
1000
1000
1000
1000
1000
1000
1000
0.0
0.030801259941122604
1000
0.013336935969685413
1000
1000
0.0
1000
0.031361796275705026
0.02877783643218172
1000
0.013839593641542046
1000
1000
1000
1000
0.0
1000
1000
1000
1000
1000
1000
1000
1000
0.030077242132304022
1000
0.0
1000
1000
0.026841170729114093
1000
1000
1000
1000
0.014326052441596153
1000
1000
1000
1000
1000
1000
1000
1000
1000
1000
1000
1000
0.027726166538997433
1000
0.014019771963180248
1000
1000
0.030938587453247103
1000
0.031087689379003657
1000
1000
1000
1000
1000
1000
1000
1000
1000
1000
1000
1000
0.02846874176916741
1000
0.01410943484127714
1000
1000
1000
1000
1000
0.01426205191777207
1000
0.0
1000
1000
1000
1000
1000
1000
1000
1000
1000
0.0
1000
1000
1000
1000
1000
1000
1000
1000
1000
1000
1000
0.029109632635810526
0.0
1000
1000
0.01860822525070288
1000
1000
1000
1000
1000
0.029512049467607458
1000
0.0
1000
1000
0.01421547132750561
1000
0.028253884718415664
1000
1000
1000
1000
1000
0.026613039573122235
0.030870206259493417
0.030312365626840553
1000
1000
1000
1000
1000
1000
1000
1000
0.025027978798441854
1000
1000
1000
1000
1000
1000
1000
1000
0.0
1000
1000
0.0
0.030099670049158374
1000
0.029032495703062225
1000
1000
1000
1000
1000
0.01402485700161041
1000
1000
1000
1000
1000
1000
0.01826918457401584
1000
0.0
1000
0.014171390384062583
0.0
1000
1000
1000
1000
0.029026842503179676
1000
1000
1000
1000
1000
1000
1000
1000
1000
1000
1000
1000
1000
1000
1000
1000
0.013972470304238203
1000
1000
1000
0.01768190797266941
0.027584474890626043
1000
0.0
0.02797929351127626
1000
1000
1000
1000
1000
1000
1000
1000
1000
1000
0.0
1000
1000
0.01375007467367112
1000
1000
1000
1000
1000
1000
1000
1000
1000
1000
1000
1000
1000
1000
1000
1000
1000
1000
0.0
1000
0.013371449745213494
1000
1000
1000
1000
0.030599832673651843
1000
1000
1000
1000
1000
0.03003750244254274
1000
1000
1000
0.0317958399644326
1000
0.0
1000
0.014314582218664442
1000
1000
1000
1000
1000
1000
1000
1000
1000
1000
1000
1000
1000
1000
1000
1000
0.026703701464348965
1000
1000
1000
1000
1000
1000
1000
1000
1000
1000
1000
1000
1000
0.0
1000
1000
0.0
0.014015991550777058
1000
1000
1000
1000
1000
0.026973258114453794
0.013555700899885932
1000
0.0
1000
0.017841136753622137
1000
0.03020629480765237
1000
1000
0.0
0.0
1000
1000
0.01633614919420252
1000
1000
1000
1000
1000
1000
0.027310890672295484
1000
0.019809275820187884
1000
0.0137713903001448
1000
1000
1000
1000
1000
1000
1000
1000
1000
1000
1000
1000
1000
0.01959935947867933
0.018325485375692948
1000
1000
0.030742440339569223
0.026553949328621186
1000
0.02859318401508038
1000
1000
1000
1000
1000
1000
0.018656198252186548
1000
1000
1000
1000
1000
1000
1000
1000
0.029594889495828593
0.017441831447821778
1000
0.01876183494797335
0.028493120368033538
1000
1000
0.018633275348406385
1000
0.019737210444329977
1000
1000
1000
1000
1000
1000
1000
1000
1000
1000
1000
1000
1000
1000
1000
1000
1000
1000
1000
1000
1000
1000
1000
0.018515139826470437
1000
1000
0.028334223600770824
0.017943944559424586
1000
1000
1000
0.01967881935246585
1000
1000
1000
0.027842461025241454
0.025235187225209246
1000
1000
1000
0.02670144877359116
0.028348792232909342
1000
1000
1000
1000
0.027186736823256445
1000
1000
1000
0.018548520537052703
1000
1000
1000
1000
1000
1000
1000
1000
0.02918330875211099
1000
1000
1000
1000
1000
1000
1000
0.028873124262202225
1000
1000
1000
1000
1000
1000
1000
0.026798546446476706
1000
0.01999970680681397
0.030038748905678737
1000
1000
1000
0.017428948419823745
1000
1000
1000
1000
1000
1000
1000
1000
1000
1000
0.02563891529495893
1000
1000
1000
1000
1000
1000
1000
0.018736104976480226
1000
1000
1000
1000
1000
1000
1000
1000
1000
1000
1000
1000
1000
1000
1000
0.024666339811585426
1000
1000
1000
1000
1000
1000
1000
1000
1000
1000
0.027155559506461077
0.02834632362230901
1000
1000
1000
0.028515596069880203
1000
0.02892812269993397
1000
1000
1000
1000
1000
1000
1000
0.030531219614536587
1000
1000
1000
1000
1000
1000
1000
1000
1000
0.027086794850954853
1000
1000
1000
1000
0.032870817822906025
1000
1000
0.018875595345596095
1000
1000
1000
1000
1000
1000
1000
1000
1000
1000
1000
0.03232684239244932
0.03113677668438042
1000
1000
1000
1000
1000
1000
0.02927841098999765
1000
1000
1000
1000
0.030485923140709602
1000
1000
1000
1000
1000
0.025758932678709195
1000
1000
1000
1000
1000
1000
1000
1000
1000
0.026901493730238483
0.018258169453471314
1000
0.02933645634404384
1000
1000
1000
1000
1000
1000
1000
1000
1000
0.02809858692523736
1000
1000
1000
1000
1000
1000
1000
1000
0.029049699700863775
1000
1000
1000
1000
1000
1000
1000
1000
1000
1000
1000
1000
1000
1000
1000
1000
1000
1000
1000
1000
1000
1000
1000
1000
0.0287523315791456
1000
1000
0.028923366527434234
1000
1000
1000
1000
1000
1000
1000
0.030260027897682368
1000
1000
1000
1000
1000
1000
1000
1000
1000
1000
1000
1000
1000
1000
1000
1000
1000
1000
1000
1000
0.019282576052506717
1000
1000
1000
1000
1000
1000
1000
1000
1000
1000
1000
1000
1000
1000
1000
1000
1000
1000
0.018634256252210324
1000
1000
1000
1000
1000
1000
1000
1000
1000
1000
0.028817280106071944
1000
1000
1000
1000
1000
1000
1000
1000
1000
1000
1000
1000
1000
0.024660532450107096
1000
1000
0.02773901435834067
1000
0.030372985361822858
1000
1000
1000
0.026522121384665358
1000
0.031178438660501857
1000
0.02058150997837753
1000
1000
1000
1000
1000
1000
1000
1000
1000
0.028869339072287576
1000
1000
0.02750267775696629
1000
1000
1000
1000
1000
0.029795280071649454
1000
1000
1000
0.027749213446289896
1000
1000
0.0
1000
1000
1000
0.027725076443225985
1000
1000
1000
1000
1000
0.028006186628819124
1000
1000
1000
1000
1000
1000
1000
1000
1000
1000
1000
1000
1000
1000
1000
1000
0.018222757103913495
1000
1000
1000
1000
1000
1000
1000
1000
0.026762045918200646
1000
1000
0.01862947628667832
1000
0.02884200190429751
1000
1000
0.018206664475301563
1000
1000
0.021044755208004428
1000
1000
1000
1000
1000
1000
1000
1000
1000
1000
1000
1000
1000
0.03225572849956193
1000
1000
1000
1000
1000
1000
1000
1000
1000
1000
1000
1000
1000
0.013376572769168154
1000
1000
0.03186677795943856
1000
1000
1000
0.031990121505210176
1000
1000
1000
1000
1000
0.02905789486731282
1000
1000
1000
0.029643068594307025
0.02794869832889804
1000
1000
1000
1000
0.028059089429271093
0.016392667821913533
1000
1000
0.014260193064756701
1000
1000
1000
1000
1000
1000
1000
1000
1000
1000
1000
1000
1000
1000
1000
1000
1000
1000
0.027386712242799063
1000
1000
1000
1000
1000
1000
1000
1000
0.026875637717202784
1000
1000
0.03225169011818835
1000
0.029964003679965826
1000
1000
1000
1000
1000
1000
0.030619131662590976
1000
1000
1000
1000
0.02797628662524252
1000
1000
1000
1000
1000
1000
0.027761101430555275
1000
1000
1000
1000
1000
1000
1000
1000
0.02690007530265649
1000
0.031006353390482
1000
0.02602545564378388
1000
1000
1000
1000
0.028003953979135722
1000
1000
1000
1000
1000
1000
1000
1000
1000
0.03140501500067717
1000
1000
1000
1000
0.029059005157849344
1000
0.019285593806596304
1000
1000
1000
1000
1000
1000
0.029468957339138624
1000
1000
1000
1000
1000
1000
1000
1000
1000
1000
1000
1000
1000
1000
1000
1000
0.02893962850696081
1000
1000
1000
1000
0.02750359065211335
0.02690711875418491
1000
1000
1000
1000
0.031035952917261998
0.031108068966084687
1000
1000
1000
1000
1000
1000
1000
1000
1000
1000
1000
0.018636036525033563
1000
1000
1000
1000
0.0
0.02972040201533186
1000
0.02717834276112306
1000
1000
1000
1000
0.03181028078556327
1000
0.01921883362618026
1000
1000
1000
1000
1000
1000
1000
1000
1000
1000
1000
1000
1000
0.03152622185368481
1000
1000
0.01912598121047128
1000
0.028687949058758253
1000
1000
1000
1000
0.014325528899806116
1000
0.014137853597533057
1000
1000
1000
1000
1000
0.018403582126724057
1000
1000
1000
0.028197432776010674
1000
1000
0.030672948607850213
1000
0.03114673250133207
1000
1000
1000
0.028161624398283305
1000
1000
1000
1000
1000
1000
1000
0.02694223618907001
1000
1000
1000
1000
1000
0.0322858953537317
1000
0.026472622506141054
1000
1000
1000
1000
0.03202982808392536
0.02772623993349896
1000
0.02795216167041413
1000
1000
1000
1000
1000
1000
1000
1000
1000
1000
1000
1000
1000
0.018025225447417005
1000
1000
1000
1000
1000
1000
1000
0.030990089081751597
1000
1000
1000
1000
1000
1000
1000
0.018157783790668895
1000
1000
1000
0.030998917286194094
1000
1000
1000
1000
1000
1000
1000
1000
1000
1000
1000
1000
1000
1000
0.026347002702564508
1000
0.017630967800252834
0.026835551139852684
0.01938246118037048
1000
1000
0.027125558123203303
0.030024163302105236
1000
1000
1000
1000
1000
1000
1000
1000
1000
1000
1000
1000
1000
1000
1000
1000
1000
1000
1000
1000
1000
1000
1000
1000
1000
1000
1000
0.014170602687287197
1000
1000
0.028306269808023334
0.01718962134008871
1000
1000
1000
1000
0.0
1000
0.0205808220896766
1000
1000
1000
1000
1000
1000
0.024841936204561085
0.013903720152589547
1000
0.027659785044904156
0.013563962706146026
1000
1000
1000
1000
1000
1000
1000
1000
1000
1000
1000
1000
1000
1000
1000
1000
1000
1000
1000
1000
1000
1000
1000
1000
1000
1000
1000
1000
1000
1000
1000
1000
1000
1000
1000
1000
1000
1000
1000
1000
0.0
1000
0.018705235566379073
0.03248635643539742
1000
1000
0.01370057085328477
0.030387867374099042
1000
1000
1000
1000
1000
1000
0.0
1000
1000
1000
1000
1000
1000
1000
1000
0.028806471040724452
0.0
1000
1000
0.0
1000
1000
1000
1000
1000
1000
1000
1000
1000
1000
1000
1000
1000
1000
1000
1000
1000
1000
1000
1000
1000
0.030230963774062883
1000
1000
1000
1000
0.02972931229109263
0.025948485946876036
1000
1000
0.028719971635752937
0.013362343870569249
0.03061073109812595
0.01805562097226865
1000
1000
0.013447655918723963
0.027768713560517126
1000
1000
1000
1000
1000
0.027267673805215855
1000
1000
1000
1000
0.027259864950361496
1000
1000
0.030553100401310037
1000
1000
0.01428495098386
1000
1000
1000
1000
1000
1000
1000
1000
1000
1000
1000
1000
0.02557999010987587
1000
1000
0.02578052751989921
1000
1000
1000
1000
1000
1000
1000
1000
1000
0.026367836561099638
0.03127299503371895
1000
1000
1000
0.0
1000
0.01867094879017943
1000
1000
0.01903378473010205
1000
1000
1000
1000
1000
1000
1000
0.02918805668202071
0.028774495191287653
1000
1000
0.029625141641815976
0.030299375137132593
0.025713361994375232
1000
0.027968994446530785
1000
1000
0.029228762876312157
1000
1000
1000
1000
1000
1000
1000
1000
0.0273288234863519
0.02827615915432162
1000
1000
1000
0.0
1000
1000
1000
1000
1000
1000
1000
1000
1000
0.030188568558678276
1000
1000
1000
0.015905439666219708
0.01415801750474335
1000
1000
1000
1000
1000
1000
1000
0.013535344118691806
1000
1000
1000
0.0319741793836592
1000
1000
1000
0.02919490339306055
1000
1000
1000
1000
1000
1000
0.013752126686348166
0.028112520440531565
0.0
1000
1000
1000
1000
1000
1000
1000
1000
1000
0.03082976133372874
1000
1000
1000
1000
1000
1000
0.01877194936932357
1000
1000
1000
1000
1000
0.016088145131054277
1000
1000
1000
0.0
1000
1000
1000
1000
0.0
1000
1000
0.020289983649716504
1000
1000
1000
1000
0.0
0.030646440991944676
1000
1000
1000
1000
1000
1000
1000
1000
1000
1000
1000
1000
1000
1000
1000
1000
1000
1000
1000
1000
1000
1000
1000
0.030221949988572784
1000
1000
1000
0.028544044736630865
1000
1000
1000
1000
0.029741980240250557
1000
1000
1000
1000
1000
1000
0.014020863528073062
0.028799247281913364
1000
1000
1000
1000
1000
1000
1000
1000
1000
1000
1000
1000
1000
1000
1000
0.013899541802940518
1000
1000
1000
1000
1000
1000
0.0292229004911101
1000
1000
1000
1000
1000
1000
1000
1000
1000
1000
1000
1000
1000
1000
1000
1000
1000
1000
1000
1000
1000
1000
1000
1000
1000
1000
0.02743240609420962
0.029238026255935738
0.030059837099734144
1000
1000
0.031316278775436246
1000
1000
1000
1000
1000
0.03022802004941335
1000
1000
1000
1000
1000
1000
1000
1000
1000
1000
1000
1000
1000
1000
0.027199799306645962
1000
0.025916546209348287
1000
1000
1000
0.02844450316598178
0.03230242568181983
0.029439392099763977
1000
1000
1000
1000
1000
1000
1000
1000
0.030253831276596036
1000
0.027873498978730878
0.030473784636449987
1000
1000
1000
1000
0.018295059559853756
1000
0.029401576886532377
1000
1000
1000
1000
1000
1000
1000
1000
1000
1000
1000
1000
1000
1000
1000
1000
0.027187939600866302
1000
0.027959319128811576
1000
1000
0.030504736623919546
1000
1000
1000
1000
1000
1000
1000
0.031517912073027524
1000
1000
1000
1000
1000
1000
1000
1000
1000
1000
1000
1000
1000
0.02801609037883599
1000
1000
1000
1000
1000
1000
1000
1000
1000
1000
1000
1000
1000
0.028306046858549726
0.0
1000
1000
1000
1000
0.02554595300634155
0.027828810710051666
1000
1000
1000
0.013797063104851832
1000
1000
1000
1000
0.017531380347315804
0.020143996175912254
1000
1000
1000
1000
0.027988568264937126
1000
1000
1000
1000
1000
1000
0.02716688877993652
1000
1000
1000
1000
1000
1000
1000
1000
1000
1000
1000
1000
1000
1000
1000
1000
1000
0.020297811703905003
1000
0.0258755005817478
0.03094901817873006
1000
1000
1000
1000
0.02892557991357729
1000
1000
0.029352349027870053
0.02694679899279606
1000
1000
1000
1000
1000
1000
1000
1000
1000
1000
1000
1000
0.025669645152413406
1000
1000
1000
1000
1000
1000
0.02708793312402137
0.02971613589345798
1000
0.029524047837833765
0.014188436047423935
1000
1000
0.013382704041500897
0.020567349445576335
1000
0.025034236960784315
1000
0.028445335569615447
1000
0.018152977149364702
1000
0.02792386265548521
1000
1000
1000
0.02781119736947856
1000
1000
1000
1000
1000
0.017387077235025104
1000
1000
1000
1000
1000
1000
0.029192461839521594
0.013333609217640988
1000
1000
1000
1000
1000
1000
1000
1000
1000
0.029470136273448494
1000
0.026524182028291488
1000
1000
1000
1000
1000
0.027426751065952378
1000
1000
0.029975699474524137
1000
0.03155650897263426
1000
1000
1000
1000
1000
1000
1000
1000
0.0
1000
0.02902768931006288
1000
1000
1000
1000
1000
1000
1000
1000
1000
1000
1000
1000
1000
1000
0.02884012280915619
1000
1000
1000
1000
1000
1000
1000
0.026733216148525293
1000
0.014274465945659693
1000
1000
0.029884719446919485
1000
1000
1000
1000
0.029217745554359267
1000
1000
1000
0.02480078804586572
0.02803693597231677
0.018078035904544137
1000
1000
0.028387078820636555
0.02001556672481676
1000
1000
1000
1000
0.0
0.025968052667341524
0.029815011342436557
1000
1000
1000
1000
1000
1000
1000
1000
0.014222718858164287
0.0
1000
1000
1000
1000
1000
0.018315500548765632
1000
1000
1000
1000
0.018597716826671856
1000
0.018888763490829845
1000
1000
0.01399551930692639
1000
0.027038288283387158
1000
1000
1000
1000
1000
1000
0.0
0.0
1000
1000
1000
1000
1000
0.026697524929079456
1000
1000
1000
0.030857292749209946
1000
1000
1000
1000
1000
1000
1000
1000
1000
1000
1000
1000
1000
1000
1000
1000
1000
1000
1000
0.0
1000
1000
1000
1000
1000
0.026941023947477286
0.013892447888177582
1000
1000
1000
1000
1000
1000
1000
1000
0.028569160281337994
1000
0.01974890180164936
1000
0.019735339485123904
0.030362461597077096
1000
1000
1000
1000
1000
1000
1000
1000
0.03134897160878964
1000
1000
1000
1000
1000
1000
1000
1000
1000
1000
1000
1000
1000
1000
1000
1000
1000
0.013368431054046823
1000
1000
1000
1000
1000
1000
1000
1000
1000
1000
1000
1000
0.03182431197502808
1000
0.014179669857162614
0.0
1000
1000
1000
0.014269189075812806
1000
1000
1000
1000
1000
1000
0.018618642307260284
1000
0.0
0.030870657665504883
0.028780773635779924
0.013960028464447919
1000
1000
1000
1000
1000
1000
1000
0.0
1000
1000
1000
1000
1000
1000
1000
1000
1000
1000
1000
1000
1000
1000
1000
1000
1000
1000
0.013999060968738066
0.0
1000
1000
1000
1000
1000
1000
0.0
0.02476281185574017
1000
0.026457766843964566
1000
0.01407863721771749
1000
1000
1000
1000
0.031035981203838034
0.028079700008866365
1000
1000
1000
1000
1000
0.025993378713225768
1000
0.029567867342403797
0.013911056385054202
1000
1000
1000
1000
1000
1000
1000
1000
0.013367494342490377
1000
1000
1000
1000
1000
1000
1000
1000
0.014128775738433826
0.019410333339329504
0.0
1000
1000
0.013958316381192762
1000
1000
1000
1000
0.0268151014023482
1000
1000
0.026913734056287525
1000
1000
1000
1000
1000
1000
1000
1000
1000
1000
1000
1000
1000
1000
1000
1000
1000
0.019680931917799217
1000
1000
0.013679351632312431
1000
1000
0.0174238047279675
1000
1000
1000
1000
0.017250814189335106
1000
1000
1000
1000
1000
0.018463715544494837
0.020195833741249336
1000
1000
1000
1000
1000
1000
1000
1000
0.017364393298206444
1000
1000
1000
1000
1000
1000
1000
1000
1000
1000
1000
1000
1000
0.021010807687341274
0.013409222197468618
1000
0.014300205958046255
1000
1000
1000
1000
0.031119717608480632
1000
0.02900829576405057
1000
0.013758187618724662
1000
1000
1000
1000
1000
1000
1000
1000
1000
1000
1000
1000
1000
0.02860163022332344
1000
1000
1000
1000
1000
1000
1000
1000
1000
1000
1000
0.01923852312178456
1000
1000
1000
1000
1000
1000
0.030562473942101646
1000
1000
0.014019025523302937
1000
1000
0.025710529094628124
1000
1000
0.028726252477469925
0.0
1000
1000
0.0
0.028877948641731856
1000
1000
1000
0.0
1000
1000
1000
1000
1000
1000
1000
1000
1000
1000
1000
0.02670156628780743
0.03180755331315866
0.031092341948547292
0.013998961240506971
0.025376248969264128
1000
0.027552678780914348
1000
0.0
1000
1000
1000
1000
1000
1000
1000
1000
1000
1000
1000
1000
1000
1000
1000
1000
1000
1000
1000
1000
1000
0.01417207190148454
1000
1000
1000
0.0
1000
1000
0.029090653374482363
0.03168848593047001
1000
1000
1000
1000
0.0
0.0
1000
1000
1000
1000
1000
1000
0.014189036689084502
1000
1000
1000
1000
1000
1000
1000
1000
1000
1000
0.01393067160938075
1000
1000
0.02942125568539321
0.013578270592263306
1000
1000
1000
1000
1000
1000
1000
1000
1000
1000
1000
1000
1000
1000
1000
1000
1000
1000
1000
0.030417179917875018
1000
1000
1000
1000
1000
1000
1000
0.03207166009687906
1000
1000
0.0
1000
1000
0.013673986658009625
1000
0.014016171759394177
1000
1000
0.029520878497470572
1000
1000
1000
0.01350015029304029
0.014253035426226093
0.02613686550343529
1000
1000
1000
1000
1000
0.0
1000
1000
1000
1000
1000
1000
1000
1000
1000
1000
1000
1000
1000
1000
1000
1000
1000
0.028018699168666526
1000
1000
1000
0.027517535531357325
1000
1000
1000
1000
1000
1000
1000
1000
1000
1000
1000
1000
1000
1000
1000
0.03212621343157284
1000
1000
1000
1000
1000
1000
1000
1000
1000
1000
1000
1000
1000
1000
1000
1000
1000
1000
1000
0.030059497552297795
1000
1000
1000
1000
1000
1000
0.0
0.013365025011408968
1000
1000
1000
1000
0.013680677470518595
1000
1000
1000
1000
1000
1000
1000
1000
1000
1000
0.028275143047990677
1000
1000
1000
1000
0.0
1000
1000
0.031244396229747725
1000
1000
1000
1000
1000
1000
1000
1000
1000
1000
1000
1000
0.0
1000
1000
1000
1000
1000
0.030326406414605156
1000
0.032203259151932936
1000
1000
1000
0.020427189264136232
1000
1000
1000
1000
1000
1000
0.031238236976888406
0.017383263466612568
1000
1000
0.0
1000
0.0
1000
1000
0.013666053538923034
1000
1000
1000
1000
1000
1000
1000
0.031067290084488802
0.03056002769025544
1000
1000
1000
1000
1000
1000
1000
1000
1000
0.0
1000
1000
0.018847491868890093
0.019590291087828886
1000
1000
1000
1000
1000
1000
1000
1000
1000
1000
1000
1000
0.0
0.02648866796620471
0.0
1000
1000
1000
1000
1000
1000
1000
1000
1000
1000
1000
1000
1000
1000
1000
1000
1000
0.025725216599594647
0.02897251017426338
1000
1000
1000
1000
1000
1000
1000
1000
0.013725978481278883
1000
1000
1000
0.014129831303940504
1000
0.0
1000
1000
1000
1000
1000
1000
1000
0.013932791553920522
1000
1000
1000
1000
1000
1000
0.013336166571507008
1000
1000
1000
1000
1000
1000
1000
0.0
1000
1000
0.01891639940610336
1000
1000
1000
1000
1000
1000
1000
1000
0.029444525819085104
1000
0.02567902853289516
1000
1000
1000
1000
1000
1000
1000
0.029497948232339942
1000
1000
1000
1000
0.0
1000
1000
1000
1000
1000
1000
1000
1000
1000
1000
1000
1000
1000
1000
0.0
1000
1000
1000
1000
1000
1000
1000
1000
1000
1000
1000
0.031387681799133635
1000
0.018660050950323664
1000
1000
1000
1000
1000
1000
1000
0.013448742557646626
1000
0.0
0.018560704767605074
1000
1000
0.0
1000
1000
1000
1000
1000
1000
1000
1000
1000
1000
1000
1000
1000
1000
1000
1000
1000
1000
0.028144338566819353
1000
1000
1000
0.0142091188401909
0.030798861323101712
1000
1000
1000
1000
0.02567551301162063
1000
1000
0.013667777642621655
1000
0.027923957675630606
1000
1000
1000
1000
1000
1000
0.029283300736111233
1000
1000
1000
1000
1000
1000
1000
1000
1000
1000
1000
1000
1000
1000
1000
1000
0.026277184378317955
1000
1000
0.029488003060914057
1000
1000
1000
1000
1000
0.018316255582374104
1000
1000
1000
1000
0.028217761485761543
1000
1000
1000
1000
1000
0.024821730507654047
1000
1000
1000
1000
1000
1000
1000
1000
1000
1000
1000
0.032856423540983525
1000
0.028858234378034933
1000
1000
1000
1000
1000
1000
1000
0.029242243378785664
0.014211810837160244
1000
1000
1000
1000
1000
1000
1000
1000
1000
1000
1000
1000
1000
1000
1000
1000
0.0
1000
1000
1000
1000
0.027949472817961542
0.025918786106162037
1000
0.017073099596679707
1000
1000
1000
1000
1000
1000
1000
1000
1000
0.02556894152078278
1000
1000
1000
1000
1000
0.014225439176606215
1000
1000
0.026783209347599382
1000
1000
0.013362540105554526
0.02912358814047318
1000
0.018471361565832067
1000
1000
1000
1000
0.01378369972949652
0.026359220551626407
1000
1000
1000
1000
0.0
1000
1000
1000
1000
1000
0.0
0.030161586854200402
1000
1000
1000
1000
1000
1000
1000
1000
1000
1000
1000
1000
1000
1000
1000
0.013864603834247093
1000
1000
1000
0.014256569036638855
1000
1000
1000
0.014217716283790588
1000
1000
1000
1000
1000
1000
1000
0.02704434998214797
1000
0.013634260454985286
1000
1000
0.025594830531053776
0.013750368611927131
1000
0.0
1000
1000
1000
1000
1000
0.031244076469625626
1000
0.02728253832141954
1000
1000
1000
1000
0.030272182736846474
0.029703274540260574
1000
1000
0.013776575929742014
1000
1000
0.029998676977969676
1000
1000
0.0
1000
1000
0.028189008415690327
0.013534572773129628
0.014314141942006189
1000
1000
1000
1000
1000
1000
1000
1000
1000
1000
0.013359545120088613
1000
1000
1000
1000
0.029114252722574473
1000
1000
1000
1000
1000
1000
1000
1000
0.014260348161576715
1000
1000
1000
1000
1000
1000
1000
0.0
1000
1000
1000
0.027092456866077568
1000
0.014265170120194527
1000
0.0
1000
1000
0.02718695703082159
1000
0.02875433556551473
0.02906167705495783
1000
1000
1000
1000
1000
1000
0.014231658162993417
1000
1000
0.0
1000
0.0
1000
0.01727600204535662
1000
0.01415310047718036
0.027179329097389286
1000
1000
0.01852996487521214
1000
1000
1000
1000
1000
1000
1000
1000
1000
1000
1000
1000
1000
1000
0.0
1000
1000
1000
1000
1000
1000
1000
1000
1000
1000
0.013439264839566676
1000
1000
1000
1000
1000
1000
1000
1000
1000
1000
1000
0.02586087765805277
0.027583887237856694
1000
1000
1000
0.013993339601042615
1000
1000
1000
1000
1000
1000
0.029439258344197965
0.026584526990444307
1000
1000
1000
0.0283736773406714
1000
0.014009328838883386
1000
1000
1000
1000
1000
1000
1000
1000
0.030393260128887524
1000
1000
0.0
0.013595366142331438
1000
1000
1000
1000
1000
1000
1000
1000
1000
1000
1000
1000
1000
1000
1000
1000
1000
1000
0.013358823578343004
0.0
1000
1000
1000
1000
1000
1000
1000
1000
1000
1000
1000
1000
1000
1000
1000
0.03182516708591833
1000
1000
1000
1000
0.014257057066475254
1000
1000
1000
1000
1000
0.03067773373848804
1000
0.02705541309034454
1000
1000
1000
1000
1000
1000
1000
1000
1000
1000
1000
1000
1000
1000
0.027583967926963333
0.0
1000
1000
1000
1000
1000
1000
1000
1000
0.013983160194865212
1000
1000
1000
1000
0.0
1000
1000
1000
1000
1000
1000
1000
1000
1000
0.025617728597889806
1000
1000
1000
1000
1000
1000
0.02909687887626477
1000
1000
1000
1000
1000
0.0
1000
1000
1000
1000
1000
1000
1000
1000
1000
1000
0.0
0.013667340746743487
1000
1000
1000
1000
1000
1000
0.013832158243079318
1000
1000
0.027921136584825902
1000
1000
1000
1000
0.0
1000
1000
1000
1000
1000
1000
1000
1000
1000
1000
1000
1000
1000
1000
0.03143685591932206
1000
1000
1000
1000
1000
1000
1000
1000
0.029398981341190095
0.029479475305363174
1000
1000
1000
0.0
1000
1000
1000
1000
0.02870387659910613
0.0
1000
1000
0.013986716810790813
1000
1000
1000
0.013831743429907633
0.019727192858857948
0.014245287154252358
1000
1000
1000
1000
1000
1000
1000
1000
1000
1000
1000
1000
1000
1000
1000
1000
0.016852584986723693
1000
1000
1000
1000
1000
0.029934714140194756
1000
0.013693476029830936
1000
1000
1000
0.02646967324175691
1000
1000
1000
1000
1000
1000
1000
0.027369299548148485
1000
1000
1000
1000
1000
1000
1000
1000
1000
1000
1000
1000
0.0
1000
0.02988558532131485
0.019547964386328637
1000
1000
1000
1000
1000
1000
1000
0.01343870759966514
1000
1000
1000
1000
0.0
1000
0.0
1000
0.0
1000
0.017078945483842083
1000
1000
0.014150915324279882
1000
1000
1000
1000
1000
1000
1000
1000
1000
0.0
1000
1000
1000
1000
1000
1000
1000
1000
1000
0.032459694081899845
0.02948423303312475
1000
1000
0.014019543982888589
1000
1000
1000
1000
1000
0.013913376032634383
1000
0.0
1000
0.03013056227875864
1000
1000
0.0
1000
1000
0.0
1000
1000
1000
0.026565995188513644
0.01344234888815302
1000
1000
0.030318904820474217
1000
1000
1000
0.028073999434435244
1000
1000
1000
0.028514664314043564
1000
1000
1000
0.02677777937010075
1000
1000
1000
1000
1000
1000
0.02490596992912829
0.0
0.0
1000
0.013406567578493102
1000
1000
1000
1000
1000
1000
1000
0.02648888089653092
1000
1000
1000
0.014011873170172152
0.030155422742477143
1000
1000
1000
0.026181569749152173
1000
0.018642083609509766
1000
1000
1000
1000
1000
1000
1000
1000
1000
1000
1000
1000
0.014084970338913531
1000
0.017207617156820246
1000
1000
0.014310177706722806
1000
1000
1000
1000
1000
1000
1000
1000
1000
1000
1000
1000
1000
0.028723617007107564
1000
1000
1000
1000
1000
1000
1000
1000
1000
1000
1000
1000
1000
1000
1000
1000
1000
1000
0.02723556506466653
1000
0.02765394264110981
1000
1000
1000
0.025950938381112273
1000
1000
1000
0.027271562396622578
1000
1000
0.027400413303365186
1000
1000
0.031790898784276475
1000
0.026954535437453693
1000
1000
1000
1000
0.0
1000
1000
1000
1000
0.028010349178759053
1000
1000
1000
1000
1000
1000
1000
1000
1000
1000
1000
1000
1000
1000
1000
1000
0.0
1000
1000
1000
1000
1000
1000
1000
0.025019338938035936
1000
1000
1000
0.0
1000
1000
1000
1000
1000
0.0
1000
1000
0.031988883877350216
1000
1000
1000
1000
1000
1000
1000
1000
1000
1000
0.01391762773235931
1000
1000
1000
1000
1000
0.013694157612950284
1000
1000
1000
1000
0.03127433102418734
1000
1000
1000
1000
1000
1000
1000
0.031012314464962464
1000
1000
1000
1000
1000
0.032326163837479764
1000
1000
1000
1000
1000
1000
1000
1000
1000
1000
0.013509384326112456
1000
1000
1000
1000
1000
1000
1000
1000
1000
1000
1000
1000
1000
0.03132267511391138
1000
1000
0.013899926533394396
1000
1000
1000
1000
1000
1000
1000
1000
1000
1000
1000
1000
1000
1000
1000
1000
1000
0.0
1000
1000
1000
1000
1000
1000
1000
1000
1000
1000
0.0
1000
0.03275958362260326
1000
1000
1000
1000
1000
1000
1000
1000
1000
1000
0.013425394467297572
0.0
1000
0.0
1000
0.02919456184806659
1000
1000
1000
1000
1000
1000
1000
1000
0.0
1000
1000
1000
0.016562622353457228
1000
1000
1000
1000
1000
0.027055128953017038
1000
1000
1000
1000
1000
1000
1000
1000
1000
1000
1000
1000
1000
1000
1000
1000
1000
1000
1000
0.0
1000
1000
0.01404434504240367
1000
1000
1000
1000
0.01426450494360678
1000
1000
0.0
1000
1000
1000
1000
1000
0.018548321658389197
1000
1000
0.0
1000
0.026288134815021118
1000
1000
0.030535990817645957
1000
1000
1000
0.024408183395357774
0.013656175836600292
1000
0.031852318061933914
1000
1000
0.013726060019154511
1000
1000
0.01407386003066271
1000
1000
0.0
1000
1000
0.029880373426439743
1000
0.0
1000
1000
1000
1000
0.02851187482720349
1000
1000
1000
1000
1000
0.028245145703454745
1000
0.013660936083130395
1000
1000
1000
0.0
1000
1000
1000
1000
0.013609986355527211
1000
0.0
1000
1000
1000
1000
1000
0.013844187764600458
1000
1000
1000
1000
1000
0.013813983543933737
1000
1000
1000
0.013686753599952256
1000
1000
1000
0.02996726985842308
0.02944843612219725
1000
1000
1000
0.028824613361820337
1000
0.0
1000
0.0
0.02842040756546063
0.013875370854333007
1000
1000
1000
1000
1000
1000
1000
0.0
1000
1000
1000
1000
1000
1000
1000
1000
1000
1000
1000
1000
1000
0.0
0.013572648000197612
1000
0.013718110620995856
1000
1000
1000
1000
1000
1000
1000
1000
1000
1000
1000
1000
1000
0.014211090042054168
0.016757707731404736
1000
1000
1000
1000
1000
1000
1000
1000
0.030376796110140054
1000
1000
0.013906764476086592
1000
0.02866386824777878
1000
1000
1000
1000
1000
1000
1000
1000
1000
1000
0.0
1000
1000
1000
1000
0.014082771375774742
1000
1000
1000
1000
1000
0.02777607508880009
0.03007677170498629
1000
1000
1000
0.01379078721083339
0.029792651065817424
1000
0.02719150752815295
1000
1000
1000
1000
1000
0.013408621493427513
0.0
0.013770891432567104
1000
1000
1000
1000
0.0
1000
1000
1000
0.018153579764660404
1000
1000
1000
1000
0.030062211377996757
1000
1000
1000
1000
1000
1000
1000
1000
1000
1000
0.0
1000
1000
1000
1000
1000
1000
1000
1000
1000
1000
1000
0.026723890602035054
1000
1000
0.0
1000
1000
1000
0.019269102820281665
1000
1000
1000
1000
1000
1000
0.0
1000
1000
1000
0.0
1000
0.030300045138598942
1000
1000
0.018331174644227635
1000
1000
0.0
1000
1000
1000
1000
0.014125809515617798
1000
0.028855398503861554
1000
1000
0.013602881774254892
1000
0.014175264406415495
0.016702828876676665
1000
1000
0.0
1000
1000
1000
0.014252072814112227
0.013989777825103583
0.027191467187277565
1000
1000
1000
0.0
1000
0.017309660768944427
1000
1000
1000
1000
1000
1000
1000
1000
0.0
0.013754912248940087
1000
1000
1000
0.0
1000
0.0
1000
1000
0.01879005146285374
1000
1000
0.013344556277558968
0.027178245721970022
1000
1000
1000
0.014053175227237013
1000
1000
1000
0.013658197685640189
1000
1000
1000
1000
1000
1000
1000
1000
1000
1000
1000
1000
1000
1000
0.014234611841225521
0.026651656555838406
1000
1000
1000
0.0
0.0
1000
1000
1000
1000
1000
1000
1000
1000
0.026892729574738865
1000
0.013581185724858493
1000
1000
1000
1000
1000
0.013940634279414391
1000
1000
0.03054878682940034
0.017965235727276617
0.0
0.03044282361630638
1000
1000
0.013654489933887211
1000
1000
0.028700325800521204
0.025690046852912738
1000
1000
1000
1000
0.0
1000
1000
0.013673919090897354
1000
1000
0.0
1000
0.013447666121452668
1000
1000
1000
1000
1000
0.0
0.02911389482898074
0.0266560407653278
1000
1000
1000
1000
1000
1000
1000
1000
1000
1000
1000
1000
0.0
0.0
0.030134151542180583
1000
0.028326372470008868
1000
1000
1000
1000
1000
1000
1000
1000
0.026308336227704295
0.01763634974211576
1000
1000
1000
1000
1000
1000
0.0
0.025655578618181817
1000
1000
0.0
0.0
1000
1000
1000
1000
0.0
0.02823981117497315
1000
1000
1000
0.030572532784118336
1000
1000
1000
1000
1000
1000
0.03204419893279811
1000
0.013975329786898017
0.013502995712728581
0.024751925881624164
1000
1000
1000
1000
1000
1000
1000
1000
1000
1000
1000
1000
1000
0.0
1000
0.013922680139192668
1000
0.014010417132630057
0.0
0.013528829839955707
0.0
1000
1000
1000
1000
1000
1000
1000
1000
1000
1000
1000
1000
1000
1000
0.01336028899076683
1000
1000
1000
0.014215252268258528
1000
0.0
1000
1000
1000
1000
1000
1000
1000
0.028531271029004657
1000
1000
1000
1000
1000
0.016916141430215827
0.0
1000
1000
0.014195135912067326
1000
1000
1000
1000
0.028925028587800578
1000
1000
1000
1000
1000
1000
1000
1000
1000
1000
1000
1000
1000
0.025247888058158332
1000
0.031243350083312537
0.0
1000
1000
0.0
1000
0.0
0.032082179556118084
1000
1000
1000
1000
1000
1000
1000
1000
1000
1000
0.03060436788407049
0.02604035581641003
0.01880236251240877
0.030564014401642643
1000
1000
1000
1000
1000
1000
0.0
1000
0.01378426147700637
1000
1000
1000
1000
1000
1000
0.014202535103366094
0.019020662653517238
0.0
1000
1000
0.03078531328053083
1000
1000
1000
1000
1000
1000
1000
0.014184494316822272
1000
1000
1000
1000
1000
0.014310433525319957
1000
1000
1000
1000
0.03210845248393401
1000
1000
1000
1000
1000
1000
1000
1000
1000
1000
1000
1000
0.0
1000
1000
1000
1000
1000
1000
1000
0.01942847373561172
0.02631530413695705
1000
1000
1000
1000
1000
1000
0.027361955734227318
1000
1000
1000
1000
1000
1000
1000
0.026523924252639428
1000
1000
1000
0.013409635843276486
1000
1000
0.0
1000
1000
1000
0.013767613672799578
1000
1000
1000
0.028541935724852023
0.0
0.02739666471190793
1000
0.031917267345338285
1000
0.027942480566269558
1000
1000
1000
1000
1000
1000
1000
0.018866105795849377
1000
1000
1000
1000
1000
1000
1000
1000
1000
1000
1000
0.030194893214711267
1000
0.013810129895503401
1000
1000
0.013363836463794729
0.029239994040254475
0.014106735169027005
1000
1000
0.028102942730204583
1000
1000
1000
1000
1000
1000
1000
1000
1000
1000
1000
1000
0.032061446983294106
1000
0.0300375353568954
1000
0.030790611978197588
1000
1000
1000
1000
1000
1000
1000
0.020412009126426607
1000
1000
0.0
1000
1000
1000
1000
1000
1000
1000
1000
1000
1000
1000
0.014131435749818429
1000
1000
1000
1000
1000
1000
1000
1000
1000
0.0
1000
0.013740405857903492
1000
1000
0.01378394636647989
1000
1000
1000
1000
1000
1000
1000
1000
1000
1000
1000
1000
0.0
1000
1000
1000
1000
1000
1000
1000
1000
1000
1000
1000
0.013569731988155637
0.017903905201956404
1000
1000
0.0200072335843332
1000
1000
1000
1000
0.02572709392595704
0.0
1000
1000
1000
0.0
1000
1000
1000
1000
1000
0.0
1000
1000
1000
1000
1000
1000
0.025433153325117606
1000
0.02973660220415039
1000
0.03006571412879648
1000
1000
1000
1000
0.013468710729452757
1000
1000
0.0
1000
1000
1000
1000
1000
1000
1000
1000
1000
1000
0.02649159187762809
1000
1000
1000
1000
1000
0.013940769392525112
1000
1000
1000
1000
1000
1000
0.01618568051019222
1000
0.013702155345765096
1000
1000
1000
1000
1000
1000
1000
1000
0.017866036804598633
1000
1000
1000
1000
1000
1000
1000
1000
1000
1000
1000
1000
1000
1000
1000
1000
1000
1000
0.017910438195179228
0.013663659527052044
0.0
1000
0.01338223195829677
1000
1000
1000
1000
1000
1000
1000
0.018383701558065024
1000
1000
1000
1000
1000
0.01359480738369642
1000
1000
1000
1000
1000
1000
1000
1000
1000
1000
1000
1000
1000
1000
1000
1000
1000
1000
1000
1000
1000
1000
1000
1000
1000
1000
1000
1000
1000
0.02672512689114319
1000
1000
1000
1000
1000
1000
0.02792598076942912
1000
1000
0.028198755548496837
1000
0.03154047510584034
0.028544782622821598
1000
1000
1000
1000
1000
1000
1000
0.016309309640173127
1000
0.02669015726782669
1000
1000
1000
1000
0.03147969303249376
1000
1000
1000
1000
1000
1000
1000
1000
0.03081844625633373
1000
1000
1000
1000
1000
0.02761535354617662
1000
1000
1000
0.031082314591256564
1000
0.020436114428415867
1000
1000
1000
1000
1000
1000
1000
1000
1000
0.02609168349758572
1000
1000
1000
1000
0.030507394577934485
0.02731449587612264
1000
1000
1000
1000
0.02633537542992896
1000
1000
1000
1000
1000
1000
0.030970759638461125
1000
1000
1000
1000
1000
1000
1000
1000
1000
1000
1000
1000
1000
1000
1000
0.029443993414828923
1000
0.01649666223511679
1000
1000
1000
1000
1000
1000
0.026374412605099005
1000
1000
1000
0.020007099248337188
0.018775429228283493
0.02603370031287226
1000
1000
1000
1000
1000
1000
1000
1000
0.013755861879181337
0.030314628792381542
0.02086675231448163
1000
1000
1000
1000
1000
1000
1000
0.027534677756943536
1000
0.017545337626347874
1000
1000
1000
1000
1000
1000
1000
1000
1000
1000
1000
1000
1000
1000
1000
0.03180497392442848
1000
0.02781371899025669
1000
0.01991740677445232
0.02850462367487098
1000
1000
1000
1000
0.02746624174799104
1000
1000
1000
1000
1000
0.02978879693377726
1000
1000
0.02793985473239958
1000
0.030056128042254028
1000
1000
0.027911974881782105
1000
1000
1000
1000
1000
1000
1000
1000
1000
0.028670187564965498
1000
1000
1000
1000
1000
1000
0.029331778278634528
1000
0.0297998816520159
1000
1000
1000
1000
1000
1000
1000
1000
0.019907343212594714
1000
1000
0.030522877562092945
1000
0.020428896033762883
1000
1000
1000
1000
1000
1000
0.01733922341447592
1000
1000
1000
1000
1000
1000
0.02777979500781289
1000
1000
1000
1000
1000
1000
1000
1000
1000
1000
1000
1000
1000
1000
1000
1000
1000
1000
1000
1000
1000
1000
0.029373981764127713
1000
1000
1000
1000
1000
1000
1000
1000
1000
1000
1000
1000
1000
1000
1000
1000
0.031102035283289368
1000
0.02702734279211307
1000
1000
1000
1000
1000
0.013921293017993028
1000
1000
0.028147937866367167
1000
1000
1000
1000
1000
1000
1000
1000
0.03112689483339113
1000
1000
1000
1000
1000
1000
0.019682344905624365
1000
1000
1000
1000
0.030343457285858813
1000
1000
0.02779091719340901
1000
1000
1000
1000
1000
1000
1000
1000
1000
1000
1000
1000
1000
1000
1000
1000
1000
1000
1000
1000
1000
1000
1000
1000
0.02926275064492727
1000
1000
1000
1000
1000
1000
1000
0.031273678491942465
0.026451226482103164
1000
1000
1000
1000
1000
0.026294891323283782
1000
0.027870471464181146
1000
1000
1000
1000
1000
1000
1000
1000
1000
1000
0.02870078618925509
0.028983305733314105
1000
0.017279134642925804
1000
1000
1000
1000
1000
1000
0.031457923900021924
1000
1000
1000
1000
1000
1000
0.029417535307965044
1000
0.019743840700197725
1000
1000
1000
1000
1000
1000
0.02664460227563855
1000
1000
1000
1000
1000
1000
1000
1000
1000
1000
1000
1000
1000
0.028746908508350294
1000
1000
1000
1000
1000
1000
1000
1000
1000
1000
1000
1000
1000
1000
1000
1000
0.031362805063710426
0.02845607445388019
1000
1000
0.02547617128806829
1000
1000
0.03005934749059148
1000
1000
1000
1000
1000
1000
1000
1000
1000
1000
1000
1000
0.029710429908105643
1000
1000
0.03017877465597816
1000
1000
1000
1000
1000
1000
1000
1000
1000
1000
1000
0.030355097348355384
1000
1000
1000
