1000
1000
1000
1000
1000
1000
1000
1000
1000
1000
1000
15.479883576558148
1000
1000
1000
1000
1000
1000
1000
1000
1000
1000
1000
1000
1000
1000
1000
1000
1000
1000
1000
1000
1000
1000
1000
1000
1000
16.02684819556285
1000
1000
1000
1000
1000
1000
1000
1000
1000
15.782337805310387
1000
1000
1000
1000
1000
1000
1000
1000
14.722016016661993
1000
1000
1000
1000
1000
1000
1000
1000
1000
1000
1000
1000
1000
1000
1000
1000
1000
1000
1000
1000
1000
1000
1000
1000
1000
1000
1000
1000
1000
1000
1000
1000
1000
1000
1000
1000
1000
1000
1000
1000
1000
1000
1000
1000
1000
1000
1000
1000
1000
1000
1000
1000
1000
1000
1000
1000
1000
1000
1000
1000
1000
1000
1000
1000
1000
1000
1000
1000
1000
1000
1000
1000
1000
1000
1000
1000
1000
1000
1000
1000
1000
1000
1000
14.825939925835572
1000
13.71094396049958
1000
1000
1000
1000
1000
1000
1000
1000
1000
14.306989773430347
1000
1000
1000
1000
1000
1000
1000
1000
1000
1000
1000
16.096159362912005
1000
1000
1000
1000
1000
14.494882246937582
16.925683808390545
1000
17.375973116996413
1000
1000
1000
1000
1000
1000
1000
1000
1000
1000
1000
1000
1000
1000
1000
1000
1000
1000
1000
1000
1000
1000
17.345650858097216
1000
1000
1000
1000
1000
1000
1000
1000
1000
1000
1000
15.175423154897812
1000
1000
1000
1000
1000
1000
1000
1000
1000
1000
1000
1000
1000
1000
1000
1000
1000
1000
1000
1000
1000
1000
1000
1000
1000
1000
1000
1000
1000
1000
1000
1000
1000
1000
1000
1000
1000
1000
1000
15.844099392584964
1000
1000
14.307357543497616
1000
1000
1000
1000
1000
1000
1000
1000
1000
1000
1000
1000
1000
1000
1000
1000
1000
14.757332136179384
15.170427280450777
1000
1000
1000
1000
17.142891492200395
16.054660833966174
13.880750956355019
1000
1000
15.341224614791958
1000
1000
1000
1000
14.641988956325548
1000
1000
1000
13.545084199949612
1000
1000
1000
1000
1000
1000
1000
1000
1000
13.556962019630923
1000
1000
1000
16.476203238802796
15.553262846181706
1000
1000
1000
1000
14.3931236010461
1000
1000
14.161936361248678
1000
1000
1000
1000
1000
1000
1.6162727630980522
1000
1000
1000
1000
1000
1000
15.330199763431985
13.729603399199423
1000
1000
1000
14.88958386369571
1000
1000
16.449517883091485
1000
16.955643088915693
1000
1000
13.933739930232138
1000
1000
1000
1000
1000
1000
1000
1000
1000
1000
1000
16.886508864909867
1000
1000
0.0
13.334016527487385
1000
1000
1000
1000
1000
1000
13.479735550557798
1000
1000
17.366180606073634
1000
15.25996389928082
1000
1000
1000
1000
13.573129987885206
1000
1000
1000
1000
16.601484427962053
1000
1000
1000
1000
1000
1000
16.942738011493866
1000
1000
1000
1000
1000
1000
1000
1000
1000
1000
1000
1000
1000
1000
1000
1000
1000
15.317430018441124
1000
1000
1000
1000
16.620483813369965
17.37511412605842
1000
1000
14.556362172847273
1000
1000
13.454267467827723
1000
1000
14.829725245725633
1000
1000
1000
13.592807702264649
1000
1000
1000
1000
1000
16.37661487162869
1000
1000
1000
1000
1000
14.562705012935155
1000
1000
1000
1000
14.30845299054983
1000
1000
1000
13.893174197298636
17.383031315281286
1000
1.6172743042616393
1000
1.6185265498569996
1000
1000
1000
16.604273955081265
1000
1000
1000
0.0
16.357433641267562
1000
15.045932888454455
1000
1000
1000
1000
1000
1000
14.356003550360677
1000
1000
1000
1000
1000
1000
1000
1000
16.463409933810446
1000
1000
1000
1000
1000
1000
1000
1000
1000
17.07222838085434
1000
1000
1000
1000
1000
1000
14.644313526421193
1000
1000
1000
1000
1000
1000
1000
1000
1000
1000
17.199858322133704
1000
17.423154794714875
16.818698631051923
1000
1.6166279468392315
1000
1000
1000
15.200727980751338
1000
0.0
16.346513271613617
17.093580172058015
16.902853346139008
16.69844923533167
14.80175254803677
14.716092140599887
15.847167104761148
13.91370559520179
14.07186117630389
1000
1.6185999178363824
13.950816288312925
15.697563292486231
13.621628597476903
16.063447792802023
14.358790584668352
13.887287702212948
14.719728228228261
13.539718799036798
14.531658980476454
0.0
16.9270403356147
15.684900383105251
14.273756900150563
17.197626549132437
15.902217290687167
16.929046666293225
1.6177780958698995
17.031312062885128
16.299710704457173
15.355271145318817
1.6180287821945967
13.333364063838063
1.6171436941637434
15.181228319004667
14.016796766258047
16.8441438826746
17.439859572710866
17.341693845128074
14.932674361564787
16.96548518250123
16.069726433386585
13.782451299350004
14.486435722917797
13.865515726506569
16.240884192467192
1000
14.826087706519317
14.518326408825276
1000
14.319940140845533
15.93061811871474
15.821397678013405
13.707229546553483
0.0
16.451901986109217
16.35536796507768
13.639129633869043
13.830658123705838
13.876117413346291
14.662428518602123
15.879526134630698
16.412830297810316
16.322609088710646
16.259525565927625
15.016161780904623
14.296647808647908
0.0
17.02052720980616
16.602643369625206
0.0
16.012618733634046
14.78515561586891
14.725957820337022
15.68198588313169
15.638911313498244
1.6173533967943687
16.821500291138854
16.637301279608103
14.1422934743842
1000
0.0
1.61625633471046
15.72769234697447
1.6193434119532335
15.101449201596015
16.0660248492208
14.075681660631982
16.479127661355225
16.316417441282912
1000
13.91589297097102
15.840688628567639
16.493702476579784
14.508154713229906
0.0
14.070161995628752
13.583256135461687
0.0
1000
1000
15.390415965404756
14.688601764573548
1000
16.151052046840462
14.950260202111467
16.567601219054797
17.269521039209856
1000
16.713238436684517
15.126343735026007
1.6176999308099052
0.0
14.03506412128531
15.846213073565266
15.062127356808617
13.333708419599574
1000
13.915941157108112
16.69038074416906
1000
15.63657218564855
17.435747680473266
