1000
1000
1000
1000
1000
1000
1000
1000
1000
1000
1000
0.34452754852294226
1000
1000
0.34689546731942467
1000
0.3450034202038851
1000
1000
1000
1000
1000
1000
1000
1000
1000
1000
1000
0.3428306477077635
1000
1000
1000
1000
1000
1000
1000
1000
1000
1000
1000
1000
1000
1000
0.17407670669815528
1000
0.34802250898105364
1000
0.3452247546138881
0.34579987162575065
1000
1000
1000
0.3468291960440375
1000
0.1791304120883848
1000
0.3432039913477371
1000
1000
0.34909602808670326
1000
1000
1000
1000
1000
1000
0.34657874021957136
1000
0.3462968437252992
1000
1000
1000
1000
1000
1000
1000
1000
0.34952728061586913
1000
1000
1000
1000
1000
1000
1000
1000
1000
1000
1000
1000
1000
1000
1000
1000
1000
1000
1000
0.34649496847261535
1000
1000
1000
0.3468813927771519
1000
1000
1000
1000
1000
0.34704298732825023
1000
0.3471640422849573
1000
1000
1000
1000
1000
1000
1000
1000
1000
1000
1000
1000
1000
1000
0.3441899143176773
1000
1000
1000
1000
1000
1000
1000
1000
1000
1000
1000
1000
1000
1000
1000
1000
1000
1000
0.3472371735516006
1000
1000
1000
1000
1000
1000
1000
1000
1000
1000
1000
0.34408558581219645
1000
1000
1000
1000
1000
1000
1000
1000
0.17835359679475224
1000
1000
1000
1000
1000
1000
1000
1000
1000
1000
1000
1000
1000
1000
1000
1000
0.3459001046665189
1000
1000
1000
1000
1000
0.34480898086106304
1000
1000
0.17696181303799088
0.34399189674900715
1000
1000
1000
1000
1000
1000
1000
1000
1000
1000
1000
1000
1000
1000
1000
1000
1000
1000
1000
1000
1000
1000
1000
1000
1000
1000
1000
1000
0.3453363985608163
1000
1000
1000
1000
1000
1000
1000
1000
1000
1000
1000
1000
0.3420491567751427
1000
1000
1000
1000
0.34939098553548825
1000
1000
1000
1000
1000
0.1796107795236215
1000
1000
1000
1000
0.34344628638648134
1000
1000
1000
1000
1000
1000
1000
1000
1000
1000
1000
1000
1000
0.17700049535758855
1000
0.3479514617997912
1000
1000
1000
0.17508542918952155
1000
1000
1000
0.34677922150955687
0.34501653288078094
1000
1000
1000
1000
1000
1000
1000
1000
1000
1000
1000
0.3471950233413386
1000
1000
1000
1000
1000
1000
1000
1000
0.3428312638165402
1000
1000
1000
1000
1000
1000
0.34768513276579144
1000
1000
1000
1000
1000
1000
1000
1000
1000
1000
1000
0.1758632066319371
0.177327116772354
1000
1000
1000
1000
1000
0.17935885485563574
1000
1000
1000
1000
0.3445572717898514
1000
1000
1000
1000
1000
1000
1000
1000
1000
0.3440841215119525
1000
1000
1000
1000
1000
1000
1000
1000
1000
1000
1000
1000
1000
1000
1000
1000
1000
1000
1000
1000
1000
1000
1000
1000
1000
1000
1000
1000
0.34605110024774327
1000
1000
1000
1000
1000
1000
1000
1000
1000
1000
1000
1000
0.3489831803425233
1000
1000
1000
1000
1000
1000
1000
0.3447959046424221
1000
1000
1000
1000
1000
0.177895281581019
1000
1000
1000
1000
1000
0.3454732856298903
1000
1000
1000
1000
0.3482149087808901
1000
1000
1000
1000
1000
0.34259157456204586
1000
1000
1000
1000
1000
1000
1000
1000
1000
0.1796429367182757
1000
1000
1000
1000
1000
0.1754370957252096
0.34662629257977623
1000
1000
1000
0.34668024148084486
1000
1000
0.34399932671471845
0.34727089977030934
1000
1000
1000
1000
1000
1000
1000
1000
1000
1000
1000
0.17706069810282637
1000
1000
1000
1000
1000
1000
1000
1000
1000
1000
1000
1000
1000
1000
1000
1000
1000
0.3447757353439549
1000
1000
1000
1000
1000
1000
0.1780898444796881
0.3449236036768774
0.17697063858182685
1000
1000
0.1758454715651123
1000
1000
1000
0.3471447200038176
1000
1000
0.3454105799163723
0.344364440502784
0.34277189362626515
1000
1000
1000
1000
1000
1000
0.34387006973066464
1000
0.3450297177632651
1000
1000
1000
1000
1000
1000
1000
1000
0.34725692919008516
1000
0.17468914681558056
1000
1000
1000
0.34484060338581995
1000
0.3488173606944003
1000
1000
1000
1000
1000
0.34356314906427027
1000
1000
1000
1000
1000
1000
1000
1000
1000
1000
0.3462144231334551
1000
1000
1000
1000
1000
1000
1000
1000
1000
1000
0.34864094216839653
1000
1000
1000
1000
1000
1000
0.3441583516953446
1000
1000
1000
1000
1000
1000
1000
1000
0.34642880987956476
1000
1000
0.34446267114751233
1000
0.3476402179298176
1000
1000
1000
1000
1000
1000
1000
0.3486613524764828
1000
1000
1000
1000
1000
1000
1000
1000
0.34791048557254556
1000
1000
1000
1000
1000
1000
1000
1000
0.17472225797987387
1000
1000
1000
1000
1000
1000
1000
1000
1000
0.34691789779718396
0.17491769069468996
1000
1000
1000
1000
0.34654681652293395
1000
1000
1000
1000
1000
1000
0.3473130368629695
0.34660384947801937
1000
1000
1000
1000
1000
1000
1000
1000
1000
1000
1000
1000
0.3451752949691889
1000
1000
1000
1000
1000
1000
1000
1000
1000
1000
1000
1000
1000
1000
1000
1000
1000
1000
1000
1000
1000
0.3442551981205568
1000
1000
1000
1000
1000
0.34526860865056713
1000
1000
0.3440219875901534
1000
1000
1000
1000
0.346867287700971
0.34634709768367716
1000
1000
1000
1000
1000
1000
1000
1000
1000
0.34704208603001535
1000
1000
0.34779976952679736
0.34151989794474036
1000
1000
1000
0.17488867623240545
1000
1000
1000
0.17580276739161957
1000
1000
1000
1000
1000
1000
1000
1000
1000
0.17644111927567124
1000
1000
1000
1000
1000
0.3469813073644079
1000
0.3476915530212009
1000
1000
1000
1000
1000
1000
1000
1000
1000
1000
1000
1000
1000
1000
1000
1000
1000
1000
1000
1000
1000
1000
1000
1000
1000
1000
1000
1000
1000
1000
0.3431819518359369
1000
1000
1000
1000
1000
1000
1000
1000
1000
1000
1000
1000
0.0
1000
1000
0.34800745979134023
1000
1000
1000
1000
1000
1000
1000
0.17532861327933721
1000
1000
1000
1000
1000
1000
0.34719495464164285
1000
0.34856246963846177
1000
1000
1000
1000
1000
1000
1000
1000
0.34257706138270655
0.34958959597389616
0.3448106512491439
1000
1000
1000
1000
1000
1000
1000
0.3448990829799069
1000
0.3428395726592107
1000
1000
1000
1000
0.0
1000
1000
0.17747664501421542
1000
1000
1000
1000
0.34638898891352465
1000
1000
0.34591153737752084
1000
1000
1000
1000
1000
1000
1000
1000
1000
1000
1000
1000
1000
1000
1000
1000
0.3476267456743024
1000
1000
0.34523667665874214
0.3454502811200455
1000
1000
1000
0.34694931417224467
1000
1000
1000
1000
1000
0.345218464429775
1000
1000
1000
1000
1000
1000
1000
1000
0.3430730393314887
1000
1000
1000
1000
1000
1000
1000
1000
0.3443525856825997
0.3415484959590522
0.3434243396965818
1000
0.3462148972335674
0.34470202399950783
1000
1000
0.34599753094008945
1000
1000
1000
1000
1000
1000
1000
0.3451321833048704
0.3437793157137776
1000
1000
1000
1000
1000
1000
1000
1000
1000
1000
1000
1000
0.34612781668772835
0.3421263365301456
1000
1000
1000
0.3452583254498218
1000
1000
1000
1000
1000
1000
1000
1000
0.1783914844133607
0.3447485741738353
1000
1000
1000
1000
1000
1000
1000
0.0
1000
1000
1000
1000
0.0
1000
1000
0.347318541309145
1000
1000
1000
1000
1000
1000
0.1779840637169617
0.3453895708532749
1000
1000
1000
1000
1000
1000
1000
1000
0.17783282054248553
1000
1000
1000
1000
1000
1000
1000
1000
1000
1000
0.34423858521231954
1000
1000
1000
1000
1000
1000
1000
1000
1000
0.0
1000
1000
1000
1000
1000
1000
1000
1000
0.3448065119051832
1000
1000
1000
1.33380958066714
1000
1000
1000
0.0
1000
1000
1000
1000
1000
1000
1000
1000
1000
0.0
1000
1000
0.3470048879086712
1000
1000
1000
1000
1000
1000
1000
1000
1000
1000
1000
1000
1000
0.17775233530491436
0.17765196070901376
0.0
1000
1000
1000
0.34942619868820624
1000
1000
1000
0.34778769316718033
0.0
1000
0.3430114969870477
1000
1000
1000
0.34523814606752284
1000
1000
1000
1000
1000
1000
1000
1000
1000
1000
1000
1000
1000
1000
1000
1000
1000
1000
1000
1000
1000
1000
1000
1000
1000
1000
1000
1000
1000
1000
1000
1000
1000
0.0
1000
1000
0.34535645749535226
1000
1000
1000
1000
1000
1000
0.17884159221407017
0.34245358697284173
1000
1000
0.34689373979069565
0.3450745518151569
1000
0.34741916823393987
1000
1000
1000
1000
1000
1000
1000
1000
1000
0.17744619504971357
1000
1000
1000
1000
1000
1000
0.3424170026883123
1000
0.0
1000
1000
1000
1000
0.17664822333298894
0.3456727715753216
1000
1000
1000
1000
1000
1000
0.34534919875576575
1000
1000
1000
1000
1000
1000
1000
1000
1000
0.34416179595215435
0.17707138111260165
1000
1000
1000
1000
0.0
1000
1000
0.34383727521655827
1000
1000
1000
1000
1000
1000
1000
1000
1000
1000
1000
1000
1000
0.34572012352178716
1000
0.3482482952369475
0.0
1000
1000
1000
1000
0.344643122435113
1000
1000
0.3433433452678073
1000
1000
1000
0.34746485143424377
1000
1000
1000
1000
1000
1000
1000
1000
1000
1000
1000
1000
1000
0.3437152777787785
1000
1000
1000
0.178669408204202
1000
1000
0.34844237752362234
1000
1000
1000
1000
1000
1000
1000
1000
1000
1000
1000
1000
1000
0.34649648612881223
0.0
1000
1000
1000
0.34648624697765007
1000
1000
0.17782260386996626
1000
0.3459226393183813
1000
0.3463206581153989
0.17785473648517258
1000
1000
1000
0.34892283105424077
0.34831373114509573
1000
1000
0.17514387441093326
1000
1000
1000
1000
1.3339551420742448
1000
1000
1000
1000
1000
1000
1000
1000
1000
1000
1000
1000
0.34707178280788314
1000
1000
1000
1000
1000
1000
0.17642241371332024
1000
1000
1000
1000
1000
1000
1000
0.34366338645546274
1000
1000
1000
1000
1000
1000
1000
1000
1000
1000
1000
1000
1000
1000
0.34528717596345937
1000
1000
0.346332005138111
1000
1000
1000
1000
0.34619027406538233
1000
1000
1000
1000
0.0
1000
1000
1000
1000
1000
0.34541243173608177
1000
1000
0.34683590865846164
1000
1000
1000
1000
1000
1000
1000
1000
0.34303168911958865
0.17850321783444537
1000
1000
1000
1000
1000
1000
1000
1000
1000
1000
1000
0.3451073859632798
1000
0.0
1000
1000
1000
1000
1000
1000
1000
1000
1000
1000
1000
1000
1000
0.34680152723353036
1000
1.334129672181502
1000
1000
1000
1000
1000
0.17628327925148501
1000
1000
1000
1000
1000
1000
1000
1000
1000
1000
1000
1000
1000
1000
1000
0.1760609703825364
0.3416230309003416
0.0
1000
1000
0.34731165798216246
1000
1000
1000
1000
0.17779844292408914
0.0
0.3467331066765852
1000
1000
1000
0.3452861742397287
1000
1000
1000
1000
0.3461759632803097
1000
0.17658971207212198
1000
1000
1000
1000
0.3455382596449642
1000
1000
1000
0.1766781072106206
1000
1000
1000
1000
1000
1000
1000
1000
1000
1000
0.34553050953861597
1000
1000
1000
1000
1000
1000
1000
1000
1000
1000
0.0
1000
1000
0.34563892638238203
1000
0.34330137517803955
1000
1000
1000
1000
1000
0.17722783403048434
0.3434046326544367
1000
1000
1000
1000
1000
0.3474389783612733
1000
1000
0.17814161161404252
1000
1000
1000
1000
1000
1000
1000
1000
1000
1000
1000
1000
1000
1000
1000
1000
1000
0.3476407756771525
0.3460591055057694
1000
1000
1000
0.3452653459218841
1000
1000
1000
1000
0.3473674550002506
1000
1000
0.34844544170090486
0.17752814840086215
0.34240833465638537
1000
1000
1000
1000
1000
1000
1000
1000
1.3340973914747165
1000
1000
1000
1000
1000
1000
1000
1000
0.3476229798587681
1000
1000
0.3430811019577855
1000
1000
1000
1000
