0.6652552395758492
1000
1000
1000
1000
1000
1000
1000
1000
0.666937163211931
1000
0.6628183131410145
1000
1000
1000
1000
0.6640185398789318
0.33692041100941084
1000
1000
1000
1000
1000
1000
1000
1000
1000
0.666216254647356
1000
0.6671256418007664
1000
1000
1000
1000
1000
1000
1000
1000
1000
1000
1000
1000
1000
1000
1000
1000
1000
0.6620910467551966
0.0
1000
0.6625235179895829
1000
1000
1000
1000
1000
1000
1000
0.6651622760498066
1000
1000
1000
1000
1000
1000
1000
1000
1000
1000
0.6649913194539695
0.6637649095266337
1000
1000
1000
1000
1000
0.6686020398383002
1000
0.0
0.6633120934874742
1000
1000
1000
1000
1000
0.33597321627169136
1000
1000
1000
1000
1000
