8.894702780433457
1000
12.075272317616982
1000
10.94179056458178
1000
12.446275561692861
1000
11.03924008309243
10.026804617256998
1000
1000
11.402917247048427
11.921870804232295
1000
1000
9.273975512919353
1000
1000
10.222290433229437
1000
1000
1000
1000
1000
10.786082544215212
12.566178396132688
1000
1000
1000
11.20817102165644
1000
1000
1000
1000
11.133150955040945
1000
1000
1000
8.8455332469362
1000
1000
1000
1000
11.149857639621699
9.73997661296496
12.594939389261516
1000
1000
1000
10.517281510586276
1000
1000
10.115744646254123
1000
11.247196035205395
9.210391486929373
9.450360555037893
1000
12.515089732902764
1000
1000
9.622960990576445
10.164616025415478
1000
1000
12.107445981887887
1000
9.75094680452119
1000
1000
1000
10.972755780975413
1000
10.561362499894233
8.910691021445594
1000
1000
1000
1000
1000
1000
12.131530500639416
1000
1000
1000
1000
1000
1000
1000
10.941963096701604
1000
1000
11.083228739277994
9.260383958663809
1000
1000
1000
1000
11.0792236875946
10.810491239951794
10.698599438306905
8.782037310518309
1000
1000
11.059739793497387
12.445252718271608
1000
8.727590527041349
1000
1000
1000
1000
1000
1000
1000
1000
1000
10.331101958479081
1000
1000
1000
10.370861126374193
1000
1000
1000
1000
10.511578252337731
1000
1000
10.67144335849486
1000
1000
10.450278280287618
1000
1000
1000
9.016717489290675
9.682996747756139
1000
1000
1000
12.551457646803852
1000
1000
1000
1000
1000
1000
10.648980736076696
1000
1000
1000
1000
1000
9.96114770908734
1000
1000
1000
11.261363229696329
1000
8.917435536472716
1000
1000
1000
1000
1000
10.874794253834024
1000
9.224442382880005
1000
1000
1000
1000
1000
1000
1000
12.358802850661187
1000
1000
1000
1000
1000
1000
1000
9.366890115423729
10.419321339436388
1000
1000
1000
1000
1000
1000
11.120826793181486
1000
1000
9.562594282714908
1000
1000
11.807595077692197
9.035514732900545
9.063231948795455
1000
11.533191471446544
10.202142960730566
1000
1000
1000
8.852357302105117
1000
1000
9.331987269195178
1000
1000
1000
9.385729394399489
12.446652273719556
1000
9.484100317698145
1000
1000
12.573169562699537
12.261311385142493
1000
1000
1000
1000
8.8865727574494
1000
11.384755547595663
1000
11.727156796649146
1000
1000
1000
9.288358120113429
1000
1000
1000
12.571165125977585
1000
1000
11.160136218478076
10.28375319782598
1000
1000
11.077962293169993
11.388687859236237
11.263624518401077
1000
1000
1000
9.272971528500552
1000
1000
10.201000861804394
1000
1000
1000
9.500390628377989
1000
1000
11.6977716784071
1000
1000
1000
1000
1000
1000
1000
1000
10.873868201379759
1000
11.779110083398866
1000
10.062104314095402
10.633580771315204
12.41738071386343
1000
1000
12.000831836493294
9.217809900049097
1000
12.357893665347397
1000
10.912930043672512
1000
1000
1000
1000
1000
10.637516428240025
1000
9.516035902704871
1000
1000
1000
1000
1000
1000
1000
1000
11.073320934899044
1000
1000
1000
10.581226356189006
1000
1000
10.21847915548836
1000
1000
11.585940789574098
1000
1000
1000
1000
1000
1000
1000
1000
10.029761297338478
1000
1000
8.654379736890093
9.835737007753481
1000
1000
10.32311365537575
10.939826233949649
9.684781076977016
1.3339147633660138
10.558961001100508
10.24115451999796
9.981197553456258
1000
12.510014439300086
12.559651509126539
9.80998417386323
9.643606834337874
9.84300976925612
8.730086119217928
0.0
12.332744344444652
10.72698388471735
1000
1.3340639096558007
1000
12.17014370240444
10.328802174805732
0.0
11.981713144920741
1000
1000
12.171547297142668
12.325369455565076
1000
11.273027227222357
1000
1000
9.290735637172354
10.096111234513051
1000
1000
12.061182745545556
1000
1000
1.3340899585544965
9.377584263535997
12.61005743303484
9.37545826653458
11.46818391899946
1000
10.028477551037454
1000
1000
1000
11.139076091783224
10.271064594552696
11.612482540513913
1000
1000
1000
1.3340494815882413
0.0
10.439581432985996
1000
12.625752863104369
1000
12.058641754984214
1000
1000
11.849139834013968
1000
1000
1000
1000
1000
10.595920827415448
9.178022773659105
1000
11.516368404063194
1000
12.131603123140845
1000
9.680533090920308
8.838118815154669
10.185585934414714
9.653749596158569
1000
12.27592252215975
1000
1000
11.485051507297992
1000
1000
1000
10.787752688739147
1000
1000
1000
9.399549745275444
10.000209506991506
1000
1000
1000
1000
1000
11.285571782524173
1000
12.241945249971359
1000
10.980736692684223
10.121149750623472
12.249115041705137
1000
1000
1000
10.777306620229673
1.3336048503246059
1000
1000
11.147620773711512
1000
1000
9.459392079370444
1000
1000
1000
1000
1000
11.55200853292015
1000
11.86094132573749
10.14038152246802
11.775035806006866
12.407216001226622
1000
1.3343262088713523
1000
12.489452262541146
1000
11.323606133108035
1000
1000
1000
12.301643138877271
11.949880682114912
1000
8.9468074399454
9.442384302626293
10.26473646876131
1000
10.971891493392492
1000
1000
1000
1000
10.868308415882717
1000
1000
0.0
1000
12.0740517575961
1000
1000
12.522812621109358
12.471674267713386
1000
10.707144329588548
1000
9.508704463246705
1000
11.8280443751131
1000
1000
11.495812245674308
12.092774539103104
1000
1000
11.104413637600445
1000
1000
1000
9.169302777908891
1000
9.550320540260437
1000
1000
1000
1000
1000
1000
1000
9.1037260197897
12.49708093939261
1000
1000
0.0
11.68874106114511
11.384776477682356
1000
9.988767487323532
1000
1000
10.236725291996692
1000
1000
10.481493666424118
11.513396527786403
9.242402392620782
9.939676460159776
1000
1000
1000
1000
1000
1000
9.63593495179435
10.081380102697864
9.649501882180882
1000
1000
9.346325440832707
9.128623771543573
1000
10.45294982741382
9.631001456935095
1.3342771817106835
1000
10.15991014913816
1000
11.324704496399033
1000
9.150319733674962
1000
11.12924683353557
1000
11.058993854333204
0.0
10.26759170392386
1000
9.858929771239358
10.777851137647913
1000
1000
1000
1000
1000
11.288460023109437
1000
10.209772525249587
8.750088840138059
1000
11.56517957744116
0.0
1000
10.92424680002352
1000
11.795080537060473
1000
1000
12.161380125632233
1000
8.799604191060281
12.503159458207048
1000
9.014430968961266
1000
1000
12.27943565610007
10.486206468494922
1000
1.3337228679683375
12.389772363265386
9.88459299896168
10.600275493850809
11.454921920390484
1000
1000
11.09577083711912
11.07696766211324
1000
1000
1000
1000
1000
0.0
1000
1000
1000
1000
1000
12.59156862132233
9.643945118528489
12.596551496636648
1000
1000
9.85122308780871
1.3338138026565638
1.3333960956342374
9.514186035452648
1.3339962978693158
1000
1000
12.117629865603373
9.52726575853639
1000
1000
1000
1000
11.367828047922147
1000
1000
1000
1000
1000
1000
1000
1000
0.0
1000
1000
1000
10.378958681019318
1000
11.49560769885055
11.660245666100238
1000
1000
11.580203294388912
12.03468394195512
8.649006496065489
10.10057963820681
1000
10.564426379089793
10.19475769104946
1000
10.488178803786454
1000
11.280394407489052
0.0
1000
1000
1000
1000
1000
1000
1000
1000
1000
9.857129609060118
1000
1000
11.141498869099745
12.142396305777364
1.3339823447603272
12.42984415414347
1000
9.527743775276107
12.213156679060276
12.348572895598204
1000
11.116251313482751
11.199706533003148
10.398983040919402
9.69267298270784
1000
10.811646183872913
8.811284170744576
1.3333959578058392
1000
0.0
1000
1000
1.333647418074164
1000
1000
8.840166876077745
12.261176664204003
1000
11.142600766397871
9.30590198324873
1000
9.102408506811848
0.0
1000
1000
1000
1000
1.3334645960964846
1.3342488511003627
1000
1.3337720956712982
12.248786417954072
1000
11.836286303154013
11.46227609803015
1000
1000
10.552117119134145
10.140118439141215
1000
1000
9.879541545364935
11.794466569600655
1000
1000
9.389422888133522
12.043142136557904
1000
0.0
1000
0.0
1000
1000
1000
0.0
1000
11.927599434183113
1000
9.592725292211187
1000
1000
11.873647271183946
1000
8.822887216376193
10.948775074192787
1000
1000
11.145575786331344
8.872427953162278
12.249910306570925
1000
1.3339495730995345
0.0
0.0
0.0
0.0
11.915398034529357
1000
11.015536750344998
9.872049325648108
0.0
1000
11.176970376213719
1000
1000
8.791969237151733
1000
8.960532423857533
1000
1000
1000
8.912669184756929
1000
1000
1000
1000
0.0
1000
1000
12.367015945521677
10.468755628333804
11.084092242161663
1000
10.505060469161803
0.0
1.333485756683014
1000
1000
1000
0.0
1000
1000
12.013926036618365
1000
11.257089793478317
11.789193084781504
11.438681855969502
10.226977883955074
0.0
1000
1000
1000
1000
1000
1000
11.114990943381803
1.3343010881212458
1.334080740697443
1000
1000
1000
11.746658038407922
9.506687391091763
1000
1000
12.009049770406826
1000
12.508783480665745
1000
9.450408012870598
11.30242593878879
1000
1.3335526794535384
9.983025559034525
9.185947932734866
1000
1000
11.717969472247702
11.727312752651375
1000
10.803416233751655
1000
9.819786221661143
8.706415514881094
1000
1000
10.55382482274249
1000
11.535787920421523
1000
1000
1000
11.67913182031414
