8.731529931615992
1000
1000
1000
1000
12.447133331107535
10.641467161476692
8.764860151194608
1000
8.673712972229234
1000
1000
1000
1000
1000
1000
11.793576524241251
1000
1000
1000
1000
1000
1000
1000
1000
1000
1000
1000
1000
1000
1000
1000
1000
1000
1000
11.03461580023561
1000
1000
1000
1000
1000
1000
1000
1000
1000
1000
1000
11.72817572804463
1000
1000
11.276103107137033
1000
1000
1000
1000
1000
1000
12.554281237842702
1000
1000
10.000016230809115
1000
1000
1000
1000
1000
1000
12.058170156646378
1000
1000
8.882882118040957
1000
1000
1000
10.575765938239257
1000
10.524767250946107
1000
1000
10.853765030299687
1000
1000
1000
1000
1000
1000
1000
1000
11.628191132713537
1000
1000
11.098143994341472
1000
9.339541914652926
1000
1000
1000
1000
1000
1000
1000
10.862514551616036
1000
1000
1000
1000
1000
1000
11.437725882090655
1000
1000
1000
1000
1000
1000
1000
9.511358595483648
12.003240411404981
1000
1000
1000
1000
1000
11.819050067458127
1000
1000
1000
1000
11.372144720373143
11.929078298558501
1000
1000
1000
1000
9.612218491440125
1000
1000
1000
1000
10.173900113375675
1000
1000
1000
11.72705135891508
12.105975905542252
1000
1000
1000
9.671440796727726
1000
1000
1000
1000
1000
1000
1000
9.610438584756032
1000
10.922588453437731
1000
1000
10.44239517578781
1000
1000
1000
1000
1000
12.31427055859618
10.71176695522237
1000
1000
12.233501626606635
1000
1000
10.466136514095801
1000
1000
1000
1000
1000
1000
1000
1000
1000
9.386437675810342
1000
1000
1000
10.616245776799579
1000
1000
1000
10.02137050511614
8.803724002596082
1000
1000
1000
1000
1000
1000
1000
1000
1000
1000
1000
1000
10.712877378290212
1000
1000
1000
1000
1000
1000
1000
1000
11.563102467017684
11.044474728014578
1000
1000
10.827689103735615
1000
9.938913220798726
1000
1000
1000
1000
11.41982121249006
1000
1000
1000
1000
1000
8.93976883205918
1000
1000
1000
1000
11.555172962069552
1000
1000
1000
1000
1000
1000
1000
1000
1000
1000
1000
1000
1000
1000
1000
1000
1000
1000
9.967201579298491
1000
1000
1000
1000
1000
10.705010078975743
1000
1000
1000
1000
11.064742389256862
1000
8.977620803431892
9.012485327778771
1000
12.011552698298557
1000
1000
1000
12.007175127101782
1000
1000
11.22392462648858
1000
1000
1000
11.783168131963787
9.550451230704008
1000
1000
1000
1000
9.833053008593554
1000
1000
1000
1000
1000
10.809847758840267
1000
1000
1000
1000
1000
1000
1000
1000
9.235997463160553
1000
1000
1000
1000
1000
9.525919696547522
1000
1000
12.471374777634507
11.286773255160654
1000
1000
1000
1000
1000
1000
1000
10.486425899828616
9.432976915047348
1000
1000
9.507601410547208
9.044112147792726
1000
1000
1000
1000
1000
1000
1000
11.946026495571154
1000
11.717763351250122
1000
1000
9.18051225799081
1000
1000
1000
1000
8.696290198031244
10.999010112916702
1000
1000
10.906740240721188
1000
1000
1000
1000
1000
1000
1000
1000
1000
1000
9.554041616296164
1000
1000
1000
12.544758013380441
1000
1000
1000
1000
9.414437692631433
1000
9.952237290400529
1000
12.531843477813407
1000
1000
12.498330455376749
1000
1000
1000
11.1189752189309
1000
12.215340293093112
1000
1000
1000
11.73221089838359
9.828057932189322
1000
1000
1000
1000
1000
1000
1000
11.458584261216073
8.844911677771234
1000
1000
1000
1000
1000
1000
10.347964019003028
1000
9.200651149493755
1000
1000
1000
1000
1000
9.623761683254717
1000
1000
10.559036173604767
1000
1000
12.5391995697006
1000
1000
1000
1000
1000
1000
1000
1000
1000
1000
1000
1000
1000
1000
1000
1000
9.523203782911846
1000
1000
1000
1000
10.345658550913008
1000
1000
11.981496480410096
10.41494027979995
1000
9.658769137323128
1000
1000
1000
12.468066208565645
11.638586389521786
1000
1000
1000
1000
1000
1000
11.063791029647088
10.875169303679908
1000
1000
1000
1000
1000
1000
1000
1000
1000
1000
1000
1000
1000
1000
1000
1000
12.551504679179082
1000
1000
1000
1000
1000
1000
9.69011086321938
1000
1000
1000
1000
1000
1000
1000
1000
0.0
1000
1000
1000
0.0
12.63857405444901
9.546326122315135
1000
10.111010145259291
9.217067268470782
1000
1000
1000
10.498119458937563
1.3340505218120133
1000
12.166219584787266
1000
0.0
12.150807678507638
10.526927275676554
1000
12.115456246813785
11.95934424011291
1000
10.544596619914966
1000
10.68066120964105
1000
1000
1000
10.185113062481705
10.042636425555743
10.887582767937133
10.001258093399649
9.530173720964122
1000
12.078997333472541
9.510557770846047
1000
11.932403498576729
1000
9.342585355643681
11.02431974219836
1000
8.6846270519866
12.20051151348895
1000
10.415513507687423
1.3335771403261283
1000
1000
1000
10.607683924274836
1000
10.787511408904658
11.270242633520091
11.822019264563993
1000
10.211963609782883
9.298649265844295
11.74536398119039
1000
1000
9.715036488527486
11.334025713005316
1000
1000
1000
1000
1000
1000
1000
0.0
8.793344874508568
9.73197204598962
1000
1000
8.85733363879276
1000
12.105572478371627
1000
10.223821980433108
10.174350837135838
12.322730020703228
1000
0.0
9.322812398452928
1000
1000
1000
1000
10.416043360775591
9.493096210547794
10.662991016646519
10.069233020262466
1000
12.467670790551809
11.875243464031053
10.51945792898627
1000
9.096088881768509
1000
9.945515243388995
9.280674753014196
11.93039935627948
1000
1.333820076424134
11.655621119539964
1000
1000
11.025941313811266
9.83954757196244
10.777188984957288
1000
10.416254759849515
9.02763613416994
9.695981480448314
1000
1000
1000
1000
1000
1000
10.979825110219279
8.956538620037254
1000
11.40546418520721
10.367898298203626
1000
10.555198142833795
9.550576485901429
11.512223194180754
1000
1000
9.394888163747677
1000
9.783594174286533
0.0
11.846322268299271
1000
11.298274984309813
10.839098231734072
12.356029414498238
1000
10.295909855814227
11.500951029406842
1000
11.236995399935749
1000
9.140550311222551
1000
1000
1000
1000
1000
1000
11.56615158807545
1000
0.0
11.33496723689737
1000
1000
10.757731733881775
8.954451458248212
12.339839120311098
11.582944907592841
1000
1000
9.273435599490352
1000
1000
8.673834531270671
1000
1000
1000
1000
8.864239720576705
1000
12.050877125393864
1000
1000
0.0
0.0
1000
9.19478566812069
9.667226380627168
1000
1000
11.833644831395183
1.3340032185968334
1000
9.45224338276295
1000
11.502616802979142
1000
1000
11.475449412359112
1000
1000
1000
1000
1000
1000
1000
1000
1000
12.379601261024021
8.910136718000903
9.615809444936206
1000
1000
0.0
1000
1000
1000
1000
9.825906470594454
9.45138714647088
1000
12.410938790052105
9.903659046616243
1000
1000
10.361331831048094
1000
9.443371934324682
9.330491773213785
1000
1000
1000
1000
1000
1000
1000
0.0
1000
10.336968150088616
1000
10.682863473157706
9.655714740995046
11.531493135787986
1000
10.998054378855413
1000
10.811167131828565
10.607759492060993
9.213557303742071
11.30536444025673
1000
9.499809694352225
1000
1000
1000
1000
0.0
9.289981413993893
0.0
11.879760597692576
1000
11.951897433019205
1000
1000
12.344629846724557
8.811323500123185
9.990142294602894
1000
9.985950105947598
1000
1000
9.826561580026864
1000
1000
11.998605916455823
12.407497555936947
1000
9.7861648036509
1000
9.31523324996057
10.236894527284282
10.211566886019467
1000
1000
9.169934524528108
1000
11.48595460580392
1000
1000
1000
1000
1000
1000
1000
1000
12.075599457632098
1000
1000
9.955894831140423
1000
1000
9.858886483793707
10.859147715812135
1000
11.50004646595395
8.723264536488786
10.14882610084775
11.170585510411405
11.839940921447191
9.454422376287729
1000
1000
11.768509379050512
1000
1000
1000
10.928365450159907
9.297313357015705
9.76231902515938
1000
11.474874061135448
1000
11.587372801184527
12.597990223415907
1000
11.687164006664691
1000
1000
0.0
1000
1000
1000
1000
9.89576995435089
1000
10.35360365574381
11.261424445459845
12.613595480720791
1000
11.332304860372838
1.333519178670568
1000
1000
10.704382101325901
12.169948316091297
1000
1000
1000
9.129886810388623
11.115465341710106
1000
8.878710391955035
1.3336006745557458
1000
1000
9.83006327151925
1000
9.101926245809423
1000
1000
1000
1000
12.07092296915698
9.283205002258713
11.485842528084518
9.72752096358241
1000
1000
9.828521738699337
1000
1000
10.248989479455616
11.232606199921872
9.612192993064145
1000
0.0
1000
11.410848890108548
10.814216859361148
10.172420841184454
10.515541475075402
10.16102284468554
11.471345900757488
1000
10.941133899561436
1000
1000
9.0043161284729
10.885525991209715
10.845186806839076
1.3342777085121589
1000
1000
1000
1000
10.92376227660126
9.042174149676269
1.3342641367511636
8.71718226931746
1000
1000
11.890452105034965
9.140662299584063
1000
12.342267375194226
11.252673679561614
1000
11.501447294078618
11.09831242593262
1000
1.3341986068698712
1000
1000
8.683894563371862
1000
11.170232994358585
12.43508480588928
1000
1000
1000
12.513917592695941
1000
1000
9.570540457459131
1000
0.0
11.31242353471485
1000
1000
0.0
10.224223997725852
0.0
1000
1000
9.113012714641474
1000
1000
0.0
1000
1000
1000
1000
1000
1000
9.042911232468404
9.585517375185642
0.0
9.15534778819195
1000
1.3335471189513215
1.3337064860012924
11.66073080514903
0.0
9.321778337716564
1000
9.150304983348882
0.0
1000
11.325377721544713
10.527287803477675
1000
1000
1000
1000
11.138833798454781
11.06455878173596
1000
10.772110245553575
9.15481618412278
1000
1.333413592035238
1000
1000
1000
0.0
1000
1.3338299231649664
1000
12.310500309217394
1000
9.527470141968648
10.086278292092329
0.0
1000
1000
10.715390075958576
0.0
1000
1000
0.0
10.519336454189975
1.33344556292948
8.853500874618687
0.0
1000
1000
1000
1000
1000
1.3335433417401765
1000
1.3336780916895312
12.048150226275533
1.3342681375758947
0.0
1.333407508696612
10.551184361634729
8.708817925908482
12.433061415625492
11.312139153938778
1000
1000
0.0
10.332076881732126
1000
8.805621777605056
11.957534889338259
1000
1000
1000
0.0
10.127300719706652
1000
9.141379503611649
1000
0.0
1000
9.161281675554775
0.0
12.493708071494511
1000
12.098353940514354
1.333836138525754
1000
1000
0.0
10.681699435713261
10.734367877914716
1000
1000
1000
8.813570822881614
9.467954160986235
12.39742335682624
1.3337095796047447
1000
1000
1000
1000
10.404152991353453
1.33352638577722
10.00902879599491
10.678350618149079
0.0
1.3340434957320595
12.12623499724565
1000
0.0
1000
0.0
1000
1000
0.0
1000
10.704463288034031
1000
9.739860615719385
1000
1.3337636484024902
1.3339500808645601
8.744293792347563
8.904702330240598
12.5109308335572
10.80387425031647
1000
1000
1000
1000
12.491810713047256
11.510191098387509
1000
1000
1000
1000
9.864498708730025
1000
1000
1000
0.0
1000
1000
10.001236843805595
1000
1000
9.893247174314176
1000
11.290679088977884
1.3341708640549668
1000
12.62934276603256
1000
1000
1000
9.52215799352909
1000
1000
1000
1000
1000
1000
11.940516366835062
1000
10.94269285483206
0.0
1000
1000
12.088524012241418
0.0
11.553998769998021
1000
8.971947059166583
0.0
1000
9.729980513668684
8.802850252715078
11.333245877796388
0.0
1000
0.0
12.302878512685547
11.74222578605519
1000
0.0
11.640727867609254
1000
12.168632899871463
11.773232770728269
0.0
1.3339115463286226
1000
11.297153227011963
1000
10.874088188002617
10.140954609207059
1000
1000
1000
1000
1000
1000
1000
9.497941946000708
0.0
9.648037736718347
1000
0.0
1000
9.736893411295826
1000
11.455099507441467
0.0
1000
1000
11.809729430338832
