1000
1000
1000
1000
0.34439095551413784
1000
1000
0.3475743059502053
1000
1000
0.3475817286973698
1000
1000
1000
1000
1000
0.34518628411821445
1000
1000
1000
1000
1000
1000
1000
1000
0.3455368107970347
1000
1000
1000
1000
0.34454481012354815
1000
1000
1000
1000
1000
1000
1000
1000
1000
1000
1000
1000
0.34470308706194064
1000
1000
1000
1000
1000
1000
0.34795829283552715
1000
1000
1000
1000
1000
1000
0.34547788999234913
1000
1000
0.34433872770459756
1000
1000
0.3463662392412764
1000
1000
1000
1000
1000
1000
1000
1000
1000
0.3498400704018678
1000
1000
1000
1000
1000
0.17805661024722758
0.34151920548962633
1000
1000
1000
1000
0.3477533947424365
1000
1000
0.3456708478429101
0.176787638731287
1000
1000
0.34467351151976344
0.3469674701594494
1000
1000
1000
1000
1000
1000
1000
0.3460683934617702
1000
0.34254737930940643
1000
1000
1000
1000
1000
0.34796354270391877
1000
1000
0.34816770320271045
0.34250157011794025
1000
1000
1000
1000
0.3443314023601688
1000
0.3470797904027564
1000
1000
1000
0.34636672926084994
1000
1000
1000
1000
1000
0.34485631877647227
0.3486664223918042
0.17724299729591303
1000
1000
1000
1000
1000
1000
1000
1000
1000
0.34360578532830577
1000
0.345180996909092
1000
1000
1000
1000
1000
1000
1000
1000
1000
0.3457269670685133
1000
0.346190275774512
1000
1000
1000
1000
1000
1000
0.34526176772351613
1000
1000
0.3454274338299647
0.3473773624722272
1000
1000
1000
1000
1000
1000
1000
1000
1000
1000
1000
1000
1000
1000
1000
0.17800071061462305
1000
1000
1000
1000
1000
1000
1000
1000
1000
0.344475261186894
1000
1000
1000
0.34850614582282213
1000
1000
0.17573205764717262
0.17638227601932865
1000
1000
0.3457567627892965
1000
1000
0.34866841799407144
1000
1000
1000
1000
1000
0.34290137121898373
1000
1000
1000
1000
1000
1000
1000
0.3457416482929427
1000
1000
1000
1000
1000
1000
1000
1000
1000
1000
1000
1000
1000
1000
1000
1000
1000
1000
1000
1000
1000
1000
1000
1000
1000
1000
1000
1000
1000
1000
1000
1000
1000
1000
1000
1000
1000
1000
0.3467698625121943
0.3470092053310661
0.34638178374772394
1000
1000
1000
1000
1000
1000
1000
1000
1000
1000
1000
1000
1000
1000
0.3426932344396696
1000
0.3442910621041849
1000
1000
1000
1000
1000
0.34505214042523724
1000
1000
0.34207491261602097
1000
1000
1000
1000
0.3459099672244391
1000
0.3464225985968926
1000
1000
1000
1000
1000
1000
1000
1000
1000
1000
1000
0.3473973071311526
1000
0.34423398718760184
1000
1000
1000
1000
1000
1000
1000
1000
1000
1000
0.34580275293548846
1000
1000
0.3480510051541711
0.3476409888315718
1000
1000
1000
1000
0.17632296716107987
1000
1000
0.3456359511890356
1000
0.34593672286410476
0.3467609848959406
0.3427964783770088
1000
1000
1000
1000
1000
1000
1000
1000
1000
1000
1000
1000
1000
1000
1000
1000
1000
0.343961767431175
1000
0.3437755311703033
1000
1000
1000
0.3447727164429817
1000
1000
1000
1000
1000
1000
1000
1000
1000
0.34680133528492535
1000
1000
1000
1000
1000
1000
1000
1000
1000
1000
0.34448800580478295
1000
1000
1000
1000
1000
1000
1000
1000
1000
0.1775383706884596
1000
0.3420145571251992
0.3466434500171354
1000
1000
1000
1000
1000
1000
1000
1000
1000
1000
1000
1000
1000
1000
1000
1000
1000
1000
1000
1000
1000
1000
1000
1000
1000
1000
1000
1000
1000
1000
1000
1000
1000
1000
1000
1000
1000
1000
1000
0.1768402098916552
1000
1000
1000
1000
0.34657574347446773
1000
1000
1000
1000
1000
1000
1000
1000
1000
1000
1000
0.3432568385534823
0.1764349079132647
1000
1000
1000
1000
1000
1000
1000
1000
1000
0.34549757040834794
1000
1000
1000
0.3455164009209058
1000
1000
0.3446144245248227
0.3441440053423205
0.346416189722023
1000
1000
1000
0.17718243438539658
0.1755177249575383
1000
1000
1000
1000
0.34899484985296125
1000
1000
1000
1000
0.3485690902263031
1000
0.345070277200167
1000
1000
1000
1000
1000
1000
1000
1000
1000
1000
1000
0.34226749612658447
1000
1000
1000
1000
0.34446863254901533
1000
1000
1000
1000
0.34410391280577546
0.3486200388520131
0.34705610689569505
0.3439171714340825
1000
1000
1000
1000
1000
1000
1000
1000
0.342483602197604
1000
0.34381039480322234
1000
1000
1000
1000
1000
1000
1000
1000
1000
1000
1000
1000
1000
1000
0.3468814767116639
1000
1000
0.34590771215362126
1000
1000
1000
1000
1000
1000
1000
1000
1000
1000
0.3461313551242443
0.34704479812634903
1000
1000
1000
1000
0.34676894183399404
0.34322238808317423
0.17466120466176033
1000
1000
1000
1000
1000
1000
0.34293190113862343
1000
1000
1000
1000
1000
1000
1000
1000
1000
1000
0.3434809238952065
1000
1000
1000
1000
1000
1000
1000
1000
1000
1000
1000
1000
0.34365124059101093
0.34665069811441157
1000
1000
1000
1000
1000
1000
1000
1000
1000
1000
1000
1000
1000
1000
0.17947635279477608
1000
1000
1000
1000
1000
1000
1000
1000
1000
1000
1000
1000
1000
1000
0.0
1000
1000
1000
1000
0.3485318260582717
1000
1000
1000
0.3478443003301052
1000
0.34488710006602497
1000
0.34646014487427146
1000
1000
1000
1000
1000
1000
1000
1000
1000
1.3340867448829092
0.34408780146705253
1000
1000
1000
1000
1000
1000
1000
1000
0.3459697120901533
1000
1000
1000
0.3475791820798818
1000
1000
1000
1000
1000
1000
1000
1000
1000
1000
0.3465695221864854
1000
0.34867089983754995
1000
1000
1000
0.34564261973298377
1000
1000
1000
1000
0.34556641471192856
1000
0.3437865382995626
1000
1000
1000
1000
1000
1000
1000
1000
1000
0.34573108904218736
1000
1000
1000
1000
1000
1000
1000
1000
1000
1000
1000
0.34508331553255317
0.34351442841544116
1000
1000
1000
1000
1000
1000
0.0
1000
1000
1000
1000
0.34573546718580983
1000
0.34659748493762865
1000
1000
1000
1000
1000
1000
1000
1000
1000
1000
1000
1000
0.3439626165575432
1000
1000
0.34245283201449805
1000
1000
1000
0.3453086942503824
1000
1000
0.34488850726814907
1000
1000
1000
1000
0.3437725109230702
1000
1000
1000
0.17569568770092187
1000
1000
1000
1000
1000
1000
1000
0.3495456604954336
0.34562426097636273
1000
1000
1000
0.34629245137742537
0.17733474322394072
1000
1000
1000
1000
1000
1000
1000
1000
1000
1000
1000
0.17491521265472346
0.1782299676876521
1000
1000
1000
1000
1000
1000
1000
1000
0.1779719911491074
1000
1000
1000
1000
1000
0.0
0.1768831487179556
1000
1000
1000
1000
1000
1000
1000
1000
1000
1000
0.34268813094187417
1000
1000
1000
1.3334771662027476
1000
1000
1000
1000
0.34731789180631545
1000
1000
1000
1000
1000
1000
1000
1000
0.34888416032785874
0.3423021386645428
1000
1000
1000
1000
1000
1000
1000
1000
1000
1000
1000
1000
1000
1000
1000
1000
1000
1000
0.34264185250638507
1000
1000
1000
1000
1000
1000
1000
1000
1000
1000
1000
1000
0.34309301016789423
1000
1000
1000
1000
1000
1000
1000
1000
1000
1000
1000
1000
1000
1000
0.34902943393224184
1000
1000
1000
1000
1000
1000
1000
0.0
1000
1000
1000
1000
1000
0.3461985981921073
1000
0.3457099645668623
1000
1000
1000
1000
1000
1000
1000
1000
1000
0.0
1000
1000
1000
1000
1000
0.34544673991304786
1000
1000
1000
1000
1000
1000
1000
1000
1000
0.34309757416528397
1000
1000
1000
1000
1000
0.34661513651322584
1000
0.34767759342354987
1000
0.3443971044959403
1000
1000
1000
1000
1000
1000
1000
1000
1000
1000
1000
0.34836585644062734
1000
1000
1000
1000
1000
1000
1000
1000
1000
1000
1000
1000
1000
1000
1000
1000
1000
1000
1000
1000
1000
0.34703542139299876
1000
1000
1000
1000
1000
1000
1000
0.345221738040659
1000
1000
1000
1000
0.3462098846429617
0.1754629120596401
1000
0.1766165947043791
1000
1000
1000
1000
1000
1000
1000
1000
1000
1000
1000
1000
1000
0.3475998392016457
1000
1000
0.0
1000
1000
1000
1000
1000
0.344985140156733
1000
0.3424594084819156
1000
1000
1000
1000
0.3478323715638337
1000
1000
1000
1000
1000
1000
1000
1000
1000
1000
1000
1000
1000
1000
1000
1000
1000
1000
1000
1000
1000
1000
1000
1000
1000
1000
1000
1000
1000
1000
1000
1000
0.0
1000
0.0
1000
1000
1000
1000
1000
1000
1000
0.34709265288924956
0.3465150771023583
1000
1000
1000
1000
1000
1000
1000
1000
1000
1000
1000
1000
1000
1000
1000
1000
1000
1000
1000
1000
1000
0.17779614594800422
0.34861295474306636
1000
1000
1000
1000
1000
1000
1000
1000
1000
1000
1000
0.34657248423356574
0.0
0.17696904917891168
1000
1000
1000
1000
1000
0.34385525051602184
1000
0.344232007244742
0.343180883177657
1000
1000
1000
1000
1000
1000
1000
1000
1000
1000
1000
1000
1000
0.34745140682255576
1000
1000
1000
1000
1000
1000
0.34779888476469545
1000
1000
1000
1000
1000
1000
1000
0.0
1000
1000
1000
1.334042762897308
1000
1000
1000
1000
1000
1000
1000
0.17724976063588746
1000
0.3441295219661535
1000
1000
1000
1.3340398849193913
1000
1000
1000
0.3477322090925892
1000
1000
1000
1000
1000
1000
0.346829480790788
1000
1000
1000
1000
1000
0.34400380669772035
1000
1000
1000
1000
1000
0.34869427033008615
1000
1000
1000
1000
0.3442175282687945
1000
1000
1.3339289824383498
1000
1000
1000
1000
1000
1000
1000
1000
1000
0.3432072931318669
1000
1000
0.3427989645719194
1000
1000
1000
1000
1000
1000
1000
1000
1000
1000
0.34797220752916064
1000
1000
1000
1000
1000
0.3440848935202008
1000
1000
1000
1000
1000
1000
1000
1000
1000
1000
0.0
1000
1000
0.3440243285403715
1000
1000
1000
1000
1000
1000
1000
1000
1000
1000
1000
1000
1.3337795473491
1000
1000
1000
1000
1000
0.3479612936641709
1000
1000
1000
1000
1000
1000
0.17713151749072625
1000
1000
1000
1000
1000
1000
1000
1000
1000
1000
1000
1000
1000
1000
1000
1000
1000
0.34915879496611013
1000
1000
1000
1000
0.0
1000
1000
1000
1000
0.17699345555858975
1000
1000
1000
1000
1000
1000
1000
0.34949618532468296
1000
1000
1000
0.34753991870432527
1000
1000
1000
1000
0.0
1000
1000
1000
1000
1000
1000
0.17740444487355111
1000
1000
1000
1000
1000
1000
1000
1000
1000
1000
0.0
1000
1000
1000
1000
1000
1000
1000
1000
1000
1000
1000
1000
0.0
0.17647550980132587
1000
1000
1.333907473897706
0.3479550741122274
0.3469581266519831
1000
1000
1000
1000
1000
1000
0.0
1000
0.3449968976007379
1000
1000
1000
0.34682316383259737
1000
0.34620757513388584
0.34403631823090347
1000
0.3470832947279618
1000
1000
1000
1000
1000
1000
1000
1000
1000
0.34362646418988096
1000
0.34465520925082466
1000
1000
1000
1000
1000
1000
1000
1000
1000
1000
0.34236925786147
1000
1000
1000
1000
1000
1000
1000
1000
1000
1000
1000
1000
1000
0.34969234739445404
0.0
1000
1000
1.3334042416603427
1000
1000
1000
1000
1000
1000
1000
1000
0.34503656183288733
0.3452773053127571
1000
0.3487704697721098
0.17740159384893
1000
1000
1000
1000
1000
1000
1000
1000
1000
1000
1000
1000
1000
1000
1000
1000
1000
1000
1000
1000
1000
1000
1000
1000
1000
1000
1000
0.3451143265914226
1000
1000
1000
1000
1000
1000
1000
1000
1000
1000
0.17682085030554964
1000
1000
0.34738131395984867
1000
1000
1000
0.34377189025846594
1000
1000
1000
0.34886770632694936
1000
1000
0.3476678324810099
1000
1000
1000
1000
1000
1000
0.3490513706239843
1000
0.3466641905130188
1.3340233314374046
0.3470950904116297
1000
1000
1000
1000
1000
1000
0.3450464108099697
1000
1000
1000
1000
1000
1000
1000
1000
1000
1000
1000
1000
1000
1000
0.34625498870110205
1000
0.1759092425536175
