15.710494470742239
1000
1000
1000
1000
14.938624724291788
14.09816920351444
1000
1000
1000
1000
1000
14.988984076531324
16.789557694583195
1000
1.6177842376537546
1000
1000
14.572665149061976
1000
1000
1000
1000
14.056010240744055
1000
1000
1000
14.880282013621187
13.887596674186847
1000
1000
1000
1000
1000
1000
1000
1000
1000
1000
1000
1000
1000
1000
16.933902917946952
1000
1000
14.86596985199094
1000
1000
1000
1000
17.268683567827296
13.958203282310294
1000
1000
1000
1000
1000
1000
14.768781656124748
1000
14.337816696552707
1000
1000
1000
1000
1000
1000
1.6179877832015495
1000
1000
1000
1000
1000
1000
1000
1000
1.6189392845217119
1000
1000
1000
1000
14.409829673848726
1000
1000
1000
1000
1000
1000
1000
16.715593385961597
14.08138843871829
1000
1000
16.548764500683646
1000
16.398060095982466
1000
1000
1000
16.041011302449235
1000
1000
1000
1000
1000
13.536923765734272
1000
1000
1000
1000
1000
1000
1000
14.690101953201331
1000
1000
1000
1000
1000
16.005720581692636
1000
1000
1000
1000
1000
1000
1000
14.591480090814343
1000
1000
1000
1000
16.932842082233606
15.94026045811638
15.932201010280874
1000
1000
14.064281064282673
1000
1000
15.017779797069716
1000
1000
1000
1000
1.614769481625268
16.96699227146754
17.29850248870753
1000
1000
1000
1000
1000
16.93570863753996
1.6168067178124053
1000
1000
15.165121039465678
1000
14.323766306859222
1000
1000
16.145964465478688
1000
1000
1000
1000
1000
1000
1000
1000
16.5494341378284
1000
1000
1000
1000
14.59434781271461
15.803355266376391
1000
1000
1000
1000
1000
1000
1000
1000
1000
1000
14.682182832065429
1000
1000
1000
1000
1000
1000
1000
1000
1000
1000
1000
1000
1000
1000
1000
16.220608639987844
1000
16.83888690425745
1.6157222531817346
1000
13.988760638373979
1000
1000
1000
1000
1000
1000
16.55002778870868
1000
1000
1000
1000
1000
1000
1000
1000
1000
1000
14.32323043492038
1000
14.403241037805323
1000
1000
15.814483743598334
1000
16.014922914571134
1000
14.56087264421954
14.947068697430563
16.367440522462466
1000
1000
1000
1000
1000
1000
1000
1000
1000
17.14217517836444
15.719378715599564
1000
1000
1000
14.828001066650488
1000
16.943903169907195
1000
1000
1000
15.971002727857304
15.370637778404065
1000
1000
1000
1000
1000
15.486871813090202
14.2390042298746
1000
16.10183756097135
1000
1000
14.463185193279763
1000
1000
1000
1000
1000
1000
1000
1000
17.394502465888095
16.98235544277283
1000
13.784094629192309
16.419466780420304
1000
14.355216418613292
15.572280707127524
1000
1000
1000
15.742394494819948
1000
1000
16.608151796526503
1000
16.01126622147911
1000
1000
1000
15.60105504483792
1.6174961803815935
1000
1000
1000
1000
1000
16.11179823622536
1000
15.19503425785546
1000
1000
1000
1000
1000
1000
15.058285552126005
1000
1000
16.051220230068942
1000
17.34167177159223
1000
1000
1000
1000
1000
1000
1000
16.47001988544485
1000
1000
1000
1000
1000
1000
17.219308107335554
14.111014600121539
14.80437997904373
15.968480726143412
1000
1000
1000
17.331308543829916
1.6190723491237118
1000
1000
14.662250208094614
16.5523114277062
1000
1000
13.793376336680087
1000
16.034801232789164
1000
15.420572882494522
1000
14.804055097718416
1000
1000
1000
1000
1000
1000
1.615317598429336
1000
16.837579683823435
1.6173325505073637
16.63017910913908
1000
1000
14.03146183549233
1000
13.539711736360772
13.52124452763833
1000
1000
16.02444029074157
1000
1000
14.471961926225568
1000
1.6165206403850743
1000
1000
1000
1000
1000
1.616643581580016
1000
1000
1000
1000
1000
1000
17.00661103883608
1000
1000
14.78121815621724
15.871981198855725
1000
1000
16.94536213341926
1000
1000
1000
1000
16.49693037283336
15.053287092492617
1000
16.11266288822428
14.910943004136552
1000
1000
1000
15.023297884004638
1000
1.6193317449947842
1000
1000
14.625736229644435
15.271251401514844
1000
1000
1000
1000
1000
1000
16.37409179193718
1000
15.462251652719704
1000
15.306603213524262
1000
1000
1000
1000
1000
1000
1000
1000
1000
15.017934372409737
14.605075688124863
1000
1000
1000
1000
1000
17.206003869573895
1000
1000
1000
1000
14.232765336221577
1000
1000
1000
1000
1000
14.416891026823448
1000
1000
1000
1000
1000
13.487855903799424
16.276721795727653
15.801828223096326
1000
1000
1000
1000
1000
1000
1000
14.065155478159879
1000
15.310066011969397
1000
15.873056155327934
1000
1000
16.103144663943837
0.0
1000
1000
1000
1000
1000
16.551866154815553
16.165631957078013
1000
17.387265306318074
16.85409433716846
1000
1000
1000
1000
1000
1000
1000
1000
0.0
1000
15.674218052645987
16.26200711805562
1.6161078619456473
0.0
15.055348008471697
15.975355482580024
13.531933343902974
16.26062379394634
15.34873693587528
1000
14.164277859422501
1.6150008554722686
13.816681321099606
1000
1000
1000
15.394409468679672
1000
16.36817796917871
14.326103562188848
13.472793115685905
1000
0.0
1000
1000
1000
1000
1000
14.311237488764299
17.261288316828544
15.372158984726115
1000
17.399815727872497
1000
1000
1000
1000
15.290707906827066
1.6148843637487982
17.087098467717254
15.343169478504894
1000
1000
15.881199297673064
15.032989525256435
1000
1000
1000
15.116335976924997
16.392473518736246
17.28411197619416
14.883100005203978
1000
1000
14.179428085105197
1.616773185785385
1000
14.08855240129207
1000
1000
1000
1000
13.59396373690638
1000
1000
16.039240286983794
16.05876953722361
1000
16.900260518204725
1000
15.458320446200698
1.6157224031119388
1000
1000
1000
1000
15.877651480604303
1000
1000
14.216340065704607
1000
1000
1.6163301565959698
1.6159045325366628
1000
1000
16.893448271418023
1000
1000
14.643529070013127
1000
1000
1.6163732440009244
16.34608526236103
1000
17.099195139985163
1000
16.710880884203416
1000
0.0
1000
1000
1000
1000
14.829054930938842
1000
16.77751464037473
1000
1000
14.338521434269161
1.6165226868161626
13.334324914288723
1000
16.18416894222058
0.0
15.133950708706806
15.594144550697582
1000
1000
1000
15.336804200609208
13.74911175946853
17.405247867099156
1000
1.6180596598017667
16.119121031269824
1000
14.502414488738046
1000
1000
15.534010468024036
17.31731348665729
1000
1000
16.077457233896997
1000
16.42648159145162
1000
13.549181502074855
14.54435162489954
1000
1.617127288242877
16.55109277490981
1000
1000
14.200187507702644
14.457652327960467
1000
1000
1000
13.628765524071536
1000
16.161467151601226
1000
16.310866622986413
16.46172339669127
14.738411736264393
0.0
1000
1000
1000
0.0
1000
1000
1000
16.70826078240421
1000
16.7441172769464
1000
1000
16.657456122572327
1000
1000
0.0
1000
0.0
16.19634218980619
16.830526256900967
1000
1000
1.6191644498916433
1000
1000
1000
15.21750944046296
1000
0.0
1000
16.3274615376847
1000
13.847950473667465
1000
1000
1000
1000
14.488703576511757
1000
1000
1000
13.333480963302652
0.0
1000
1000
1000
1000
13.693171307166889
15.591499105562093
1.6184918447804655
1000
1000
1000
15.21336351707653
1000
13.584207324441843
1000
15.446407279133055
13.33393917445961
1.618188887039005
13.333586080294227
1000
16.493604581411564
15.324118785401925
17.3211978101454
15.770202034431838
1000
15.780304555960772
15.680004074379623
15.559408146761314
1000
1000
15.846593033955918
16.653204931007988
14.03165988358236
1000
1000
15.559392994273486
1000
16.2269223575528
1.6195102650476698
1000
16.579240677007103
16.088632429482647
17.232512168221174
1000
15.739783159861894
1000
1000
1000
1000
1000
1000
13.466553349602577
15.028652524329466
1000
13.333400139397323
14.142001557315842
15.080019526653386
15.570607695298307
17.009546269526012
1000
16.280735787202186
1000
1000
16.718062364981567
1000
1000
1000
17.42898871864631
1000
1000
1000
1000
1000
1000
1000
1000
17.009779001071404
14.349210284367697
0.0
1000
1000
0.0
14.00011153782026
1000
15.556264433121322
0.0
13.969958318378055
1000
1000
1000
15.222449779483734
1000
17.24542576324949
1000
1000
1000
15.491968027045688
17.09137070184153
1000
14.70561528336602
1000
14.659879277845814
1000
1000
1000
14.950104041342808
1000
14.218407967608632
1000
1.6172825826557884
13.52500623601102
16.921712211123012
1000
1000
1000
1000
1000
15.51225753194803
16.38650803405226
1000
16.150462447121683
16.363012534462086
1000
0.0
1000
1000
1000
14.090712899238827
1000
1000
14.752830069726159
1000
15.230950051311593
15.062372241663493
1000
1000
1.617405639876758
1000
13.632930271763595
16.571063297958606
1000
15.013332667965978
1000
1000
0.0
16.17746940919602
13.904580379446058
1000
17.40345785837951
1000
1000
0.0
16.768780998285823
1000
1000
14.205843618256464
0.0
1000
1000
0.0
16.147772013758967
1000
13.94071110530582
13.614073315751433
15.923065756241158
1000
1000
1000
1000
1000
17.16182033394528
0.0
1000
13.889667119387259
1000
1000
1000
16.233830027554916
13.334331234118235
1000
1000
1000
1000
1000
1000
1000
14.712992456866894
1000
15.45746826568081
16.763021011475466
1000
14.462429887253823
0.0
15.020561243276273
1000
13.683315815104674
1.6183707916265528
1000
1000
15.712244345610308
0.0
1000
14.900366487070713
16.013962768242813
15.079966041809405
1000
15.118449887029666
1000
0.0
1000
1000
14.388866985911136
1000
14.831214479461183
14.059045632793074
13.33338508758463
16.868293520882958
1000
1000
1000
1000
16.301238267220015
1000
15.346556846734712
1000
16.31845874288367
1.6184253606469425
1000
1000
13.946388119367281
1000
1000
16.711146149481266
13.33425812285225
15.027724034033888
17.38234532271445
1000
1000
17.267701842005653
14.278107123965093
14.429931558582622
1000
1000
17.215041771701706
1000
13.737930434368183
16.202983027084596
15.276148510112005
0.0
1000
1000
14.986398591819018
1000
13.334070190312385
1000
1000
13.99637879831446
1000
1000
15.274616509823495
1000
15.590817504728463
1000
14.610646270972097
1000
16.73083219611163
16.056068813859707
1000
1000
1000
15.756475362794324
16.31456563988518
1000
1000
1000
1000
15.998328513332421
13.33376647343761
1000
16.076712329556926
15.31614661019432
15.262714762061268
1000
1.6175016540255425
13.334317653706927
16.7218879681662
1000
14.181672432171526
16.660927871954627
15.334868447374372
17.425931100350905
16.921250325493716
1000
14.741885614634093
17.038245127381295
14.430462799917333
16.00790636139437
1000
14.59006503384854
0.0
0.0
13.334250392079912
0.0
17.102416343603632
15.759389942579098
13.877836399077545
1000
1000
16.980592510543364
1000
1000
16.844893272573692
1.6172725151001264
14.015015408638764
15.609186079737803
13.33403596754898
15.817769414443603
1000
1000
1000
13.333960899162605
0.0
14.494961709569182
15.9777319894907
13.333832605552546
1.6153199248105405
14.677474409249506
16.950698838979683
13.486467325861996
1000
1000
0.0
1000
0.0
15.040254325401666
16.26583463050019
0.0
13.809659435958611
1.6153118621350457
15.458620528067053
1000
14.5498663713696
0.0
1000
1000
15.305979350474193
17.42642183793748
1000
14.217258289098222
14.969802130141108
1000
1000
15.210432843373008
1.618235546119777
1000
16.795235406908848
17.37667748260774
15.754467644910623
1.6168226562490988
1000
0.0
14.77552249573241
16.637290710528536
1000
1000
13.33389543378082
13.334168123466828
1000
13.472077039530859
1.6167671254969582
15.614108320384744
16.282607393611105
16.12939942787848
17.392590347676276
16.882752455687402
15.452861532565112
13.333444409860537
1000
15.715974437785505
16.2481084572385
1000
15.379679076038206
17.252265346748658
14.508352941609292
0.0
1000
14.034433743355475
1000
14.366281497747742
13.791959011125844
16.780788501979025
1000
14.547867159001942
1000
13.3334839363081
1.6151021476651957
17.278215242728173
0.0
15.573003580735252
1.6177329603407986
1000
14.541768544814692
1000
1000
1000
16.28482945045124
1000
1000
13.333437903501581
13.333483486612737
16.535382457756185
1.6191974752172107
1000
15.960264167724228
15.06039540776533
1000
0.0
1000
1000
13.531545136680126
15.381690991571372
1.6173821379910867
1000
1000
1000
1.616656127700489
1.6176919780848904
1000
1000
15.32239765472264
13.333578925198818
14.353907577354384
0.0
1000
0.0
0.0
1000
0.0
1.6162949674568838
1000
0.0
16.365049528261096
15.763168973022266
1000
1000
1000
0.0
1000
0.0
13.333523558605483
1000
14.22526957942032
15.207225210435944
14.79358877384935
17.036954262537353
1000
1000
1000
1000
16.403291597778743
14.543609114723074
17.199158998476907
1000
1.6172193588662518
14.187188468314922
0.0
15.165163526911254
0.0
1000
14.543388051714665
13.953810616227909
14.388268098653505
0.0
13.936079482992863
1000
13.562109770333795
14.63857257222503
