1000
1000
1000
1000
1000
1000
1000
1000
1000
1000
0.34133677159747966
0.17766758861515927
0.17706658780679785
1000
1000
1000
0.34444794760519654
1000
0.3451110556848495
0.3442476640948148
1000
1000
1000
1000
1000
1000
0.34752543027210264
1000
1000
0.3439285298996874
1000
1000
1000
1000
1000
1000
1000
1000
1000
0.3429313470819436
1000
1000
1000
1000
1000
1000
0.3466604706000636
1000
1000
1000
1000
1000
0.3433326145196318
1000
0.34308894377753674
1000
0.34545597789493343
1000
1000
1000
1000
0.34685516194001836
1000
1000
0.17795180226622673
0.17453370829641038
1000
1000
1000
1000
1000
1000
1000
1000
1000
0.34407193616149684
1000
1000
0.34763304296405967
1000
1000
1000
1000
1000
1000
1000
0.34676779953461817
1000
1000
1000
1000
1000
1000
1000
1000
1000
1000
1000
1000
1000
1000
1000
1000
1000
1000
0.17690337537464992
0.34267822284994925
1000
0.3490294395019294
1000
1000
1000
1000
1000
0.34409204007134436
1000
1000
1000
1000
1000
1000
1000
1000
1000
0.3454263897969279
1000
1000
1000
1000
1000
0.3471315178261051
0.3445562610547309
0.3459262038195096
1000
1000
1000
1000
1000
1000
1000
1000
1000
1000
1000
1000
0.17912152995967567
0.17604052771043574
0.34419269324626445
1000
1000
1000
1000
1000
1000
1000
1000
1000
1000
1000
1000
1000
0.17542621123251248
1000
1000
1000
1000
1000
1000
0.34408142989281343
1000
1000
1000
1000
1000
1000
1000
1000
1000
1000
1000
0.17688108302109978
1000
1000
1000
0.17546198963410783
0.1774244184953779
1000
1000
1000
1000
1000
1000
1000
0.3471331052206543
1000
1000
1000
0.34587097610233386
1000
1000
0.34537740734617656
1000
1000
1000
1000
1000
1000
1000
1000
1000
0.34455847370128245
1000
1000
1000
1000
1000
0.1779088649448365
1000
1000
1000
1000
1000
1000
1000
1000
0.34713097468526066
0.34500933798660793
1000
1000
0.3449919510441771
1000
1000
1000
0.3478015032940289
1000
1000
1000
0.34272961190687984
1000
1000
1000
0.34467700907343574
1000
1000
1000
1000
1000
0.3477182931838377
1000
1000
1000
1000
1000
1000
1000
1000
1000
1000
1000
1000
1000
1000
1000
1000
1000
0.17727483532442917
1000
1000
0.34460300137935845
1000
1000
1000
0.348528703273671
1000
1000
0.3489648403297711
1000
0.3431351969355148
1000
0.17950537172292574
1000
1000
1000
1000
1000
1000
1000
0.34243497966860664
1000
1000
1000
0.34577416763292584
1000
1000
1000
1000
1000
1000
1000
1000
1000
0.34587033506602954
0.34507103954216145
1000
0.3427569040465668
1000
1000
0.3466512246441714
1000
1000
1000
1000
1000
0.34570254643250364
0.17907103539606584
1000
1000
1000
1000
1000
1000
1000
1000
1000
1000
0.34815254757079434
1000
1000
1000
1000
1000
1000
1000
0.34357450339210743
1000
1000
1000
1000
0.3477871018843254
1000
1000
1000
1000
1000
1000
0.3413003839497333
1000
1000
1000
0.34291451419041924
1000
1000
1000
1000
1000
1000
1000
1000
1000
1000
1000
1000
0.34473380687061117
0.3439888496252243
1000
1000
1000
0.34322961463447815
1000
1000
1000
0.17667959559183913
1000
1000
1000
1000
1000
1000
1000
1000
1000
1000
1000
1000
1000
1000
1000
1000
1000
1000
0.17890822534825465
0.34591675608049816
1000
1000
0.34383919060731066
1000
1000
0.17684210485882726
0.34720172286333634
1000
1000
1000
1000
1000
1000
1000
1000
1000
1000
1000
1000
1000
0.34595528376026224
1000
0.1765152783876666
1000
1000
1000
1000
1000
0.3443393927891397
1000
1000
1000
1000
1000
0.34595794498684834
0.3487741006679489
1000
1000
0.34436719654748893
0.3427308945831831
1000
1000
1000
1000
0.34406565304028125
1000
1000
1000
1000
0.3461637469941279
1000
1000
1000
0.3447560012370443
1000
1000
1000
1000
1000
1000
1000
1000
1000
1000
1000
1000
1000
1000
1000
1000
1000
1000
1000
1000
0.3488565152540264
1000
0.34700908314021967
1000
1000
1000
1000
1000
1000
1000
1000
1000
1000
1000
1000
0.34732134117730223
1000
0.3449982754292203
1000
1000
1000
1000
1000
0.17786602748645378
0.3443232640324037
1000
1000
1000
0.34584916844332897
1000
1000
0.3464329124427309
1000
1000
1000
1000
1000
1000
0.34610333707070057
1000
1000
1000
1000
1000
1000
1000
1000
1000
1000
1000
1000
0.17558778364914474
1000
1000
1000
1000
1000
1000
0.3438123635608217
1000
0.17825258773470837
0.17619400296492252
1000
1000
1000
1000
1000
1000
1000
0.34621964961267104
1000
1000
1000
1000
1000
1000
1000
1000
1000
1000
1000
1000
1000
0.34432840793853803
1000
1000
0.34724091172902416
1000
1000
1000
0.1767686143296197
1000
0.34407138853534824
1000
1000
0.17589857693838398
1000
0.3472447948039508
1000
1000
1000
1000
0.3416029204145024
1000
1000
1000
1000
1000
1000
1000
1000
1000
1000
1000
1000
1000
1000
1000
1000
1000
1000
0.3415807837414023
1000
1000
1000
1000
1000
1000
1000
0.34539115403573456
1000
1000
1000
1000
1000
1000
1000
1000
1000
1000
1000
1000
1000
1000
0.3452197965604645
0.345171334555441
1000
1000
1000
1000
0.345113438027268
1000
1000
1000
0.34729791701859136
0.1760608452996328
1000
0.3429248514843443
0.17485144106707556
1000
1000
1000
0.3457845026772047
0.3443378059295124
1000
1000
1000
1000
1000
1000
1000
1000
1000
1000
1000
1000
1000
1000
1000
1000
1000
0.3458779464616792
0.1775771446378175
1000
1000
1000
0.34222381619972264
1000
1000
1000
1000
1000
1000
1000
0.34796873666084294
1000
1000
1000
0.3446971059900964
0.34419433273202604
1000
1000
1000
1000
0.34142542364494316
1000
1000
1000
1000
1000
1000
0.3490653467107756
1000
1000
1000
1000
1000
1000
1000
0.34831654066863194
1000
0.34665531789280407
1000
1000
0.17674379078956565
1000
1000
0.34633859760457564
1000
1000
0.34379164848358074
1000
1000
1000
1000
1000
1000
0.3435425959620992
0.34769342802947806
1000
1000
1000
1000
1000
1000
0.1759248902152516
1000
0.3460885304817589
1000
1000
1000
1000
1000
0.17830246906996283
1000
1000
1000
0.34847178038564297
1000
1000
1000
1000
1000
1000
1000
0.34793237875013777
1000
1000
1000
1000
1000
1000
1000
1000
0.3474203134318894
1000
1000
1000
1000
1000
1000
1000
1000
1000
1000
1000
0.17706850981757338
1000
0.17754877426180685
1000
1000
1000
0.3455857574442219
0.34772174687902746
1000
1000
1000
1000
1000
1000
1000
1000
1000
1000
1000
1000
1000
0.3489679214623013
1000
1000
1000
1000
1000
1000
0.34594644968784605
1000
1000
0.3475293187273099
1000
1000
1000
1000
1000
1000
1000
1000
1000
1000
1000
0.3474908892024773
0.343849738275924
1000
0.1771787222176224
1000
1000
1000
1000
0.34512954462899764
1000
0.34249740525134115
0.17606169032877242
1000
1000
1000
1000
0.1770579220927884
1000
1000
0.34759912995022585
1000
1000
1000
0.3465261441939702
1000
1000
1000
0.17782435317821288
1000
1000
0.34293830476289827
0.3433014258098862
1000
1000
1000
1000
1000
1000
1000
1000
1000
1000
1000
1000
1000
1000
1000
1000
1000
1000
1000
1000
1000
0.17658983151676783
0.34636625900512696
0.17635771740409517
1000
0.17704267915731073
0.17711177872572673
0.17720875973190006
1000
1000
1000
0.3473994217324913
0.1755966901288486
1000
1000
1000
1000
1000
1000
1000
0.3482554759365918
1000
1000
1000
1000
1000
1000
1000
1000
1000
1000
1000
1000
0.17468297250214354
0.3473957689426379
1000
1000
1000
1000
0.3456878579881251
0.346376031601475
1000
1000
1000
1000
1000
0.17685999908123368
1000
1000
1000
1000
1000
0.348090422083301
1000
1000
1000
0.3444466661331761
1000
1000
1000
1000
1000
1000
1000
1000
1000
0.1768533483719976
1000
1000
1000
1000
1000
1000
1000
1000
1000
0.17779034579334388
1000
1000
1000
1000
1000
1000
1000
1000
1000
1000
1000
0.3458307586990476
1000
1000
1000
1000
1000
1000
1000
1000
1000
1000
1000
1000
1000
0.3455594387733969
1000
1000
1000
1000
1000
1000
1000
1000
0.3451910098625335
1000
1000
1000
1000
1000
1000
1000
1000
1000
1000
1000
0.34609347710612953
0.17746418093873761
1000
1000
1000
1000
0.34700821284669026
1000
1000
1000
0.3476766282125574
1000
1000
0.3443095807444843
1000
1000
1000
1000
1000
1000
0.34653200569722853
1000
1000
0.34646916105934616
1000
0.3469912541466512
1000
1000
1000
1000
1000
1000
1000
1000
1000
1000
1000
1000
1000
1000
1000
0.3442477221381286
1000
1000
1000
1000
0.34688066007348056
1000
0.34433954771336667
1000
1000
1000
1000
1000
1000
0.3464432910754299
1000
1000
1000
0.34812903756616764
1000
1000
1000
1000
1000
0.17769285820010502
0.3470874475676013
1000
0.17647296106949323
1000
1000
1000
1000
1000
1000
0.3494420013932404
1000
1000
1000
1000
1000
1000
1000
1000
1000
1000
0.3464663959218106
1000
0.34219732986272555
1000
1000
1000
1000
1000
1000
1000
1000
1000
0.34194731745072726
1000
1000
1000
1000
0.34634747478064765
1000
1000
1000
1000
0.34674878078678717
1000
1000
1000
1000
1000
1000
0.34285347322174176
1000
1000
1000
1000
1000
1000
1000
1000
1000
1000
1000
1000
1000
1000
1000
0.3446056552640085
0.34602206878982533
1000
1000
1000
1000
1000
1000
1000
0.17965614886572537
1000
1000
1000
0.3435416886039844
1000
1000
1000
0.34766604723873035
1000
1000
1000
1000
0.3446215380305972
1000
1000
0.34715072190306223
1000
1000
0.3458321841557396
1000
1000
1000
1000
1000
1000
1000
1000
