1000
1000
12.367185800927412
1000
1000
1000
1000
1000
9.69237879325689
1000
1000
1000
10.77516386390416
1000
1000
10.656360967765167
1000
9.20206103509559
12.636687025231643
1000
1000
1000
9.384466821554994
1000
1000
1000
1000
10.917982869522703
1000
1000
1000
9.880765105786766
9.721308959064185
1000
9.283628888553501
12.024755653534621
8.972421975029423
1000
1000
1000
1000
10.569213507422111
1000
1000
1000
1000
12.046378694620458
1000
1000
1000
1000
1000
1000
1000
10.532792789392355
1000
1000
1000
1000
9.5526068799361
1000
12.411529049129767
1000
1000
1000
12.590280370427152
1000
1000
1000
1000
1000
1000
1000
9.696440712212743
1000
1000
1000
1000
1000
1000
11.188055077441689
1000
1000
1000
1000
1000
9.26908349607959
9.500340096961596
1000
1000
1000
1000
1000
8.964476183331268
12.606778444155442
1000
10.729738424423545
1000
11.513178756869673
1000
8.790096443412706
1000
1000
1000
12.595601476365013
12.37853223862884
1000
1000
1000
1000
1000
1000
1000
1000
1000
1000
1000
1000
11.032699166408655
1000
1000
1000
1000
1000
1000
1000
1000
11.096870129306073
1000
11.317323453251802
1000
11.491741805275442
11.692527799793222
1000
11.899636068463236
12.219732406704782
1000
9.806522421981702
1000
1000
11.220911117720842
1000
1000
8.969006149792165
9.772880598191428
1000
1000
8.7505406335425
1000
1000
1000
9.132712820013404
1000
1000
1000
1000
11.302952884358113
1000
1000
1000
1000
1000
1000
10.302327936608673
1000
1000
1000
1000
1000
1000
12.114059265417264
1000
11.392121614275894
1000
9.613090324331836
1000
1000
1000
12.118302297554674
11.06898118746702
1000
10.708896325567203
8.918353244608848
1000
1000
1000
1000
11.413033943244319
1000
1000
1000
10.034457578724759
1000
10.34723500975459
1000
1000
1000
1000
1000
1000
9.258918004936149
12.270072242511295
1000
1000
1000
1000
1000
11.40307808288621
1000
1000
10.251685048845767
1000
1000
1000
1000
1000
11.310759156615926
11.312140229339093
1000
12.388717213452324
1000
1000
1000
1000
1000
1000
1000
1000
8.895708441917446
9.534989235838541
1000
1000
12.499570578023123
1000
1000
1000
1000
12.162876495164403
10.16703626792949
9.857282498714088
1000
1000
10.882218904837115
1000
1000
1000
1000
1000
1000
10.27893821212716
9.88281702893332
1000
1000
9.893930795385465
1000
1000
1000
1000
1000
1000
1000
1000
1.3341759571256178
1000
1000
10.657252178529841
1000
10.901255517368035
1000
1000
1000
10.797962702323883
11.562147961806865
12.23872330523369
1000
1000
1000
11.409214433675286
10.56922020078579
1000
1000
9.96481234677155
1000
1000
1000
1000
10.187878777559872
12.047342004139391
11.825099670588202
0.0
1000
11.625811183591887
1000
1000
1000
1000
10.79466880380257
1000
1000
1000
1000
1000
1000
1000
1000
1000
10.696396306864859
1000
1000
12.243128287667533
11.988448227551217
1000
10.025765362757392
10.461446210792825
1.3342954105806764
1000
1000
10.614973416968823
1000
1000
1000
1000
1000
10.843120174565517
1000
10.559615964054624
1000
1000
1000
1000
10.077764174651914
1000
1000
12.399839419742044
11.989971343111332
1000
1000
1000
1000
1000
0.0
1000
9.725649175153134
1000
1000
9.349117836549347
12.595413662813813
11.67811101256943
1000
1000
1000
1000
1000
1000
11.970804101239645
9.307647858849982
10.21945546925911
11.445175230733199
1000
1000
0.0
9.885505858697625
1000
1000
12.412696848767316
0.0
9.346048923113552
11.13668133915546
1000
10.566982381465957
1000
10.541107731500237
8.947589091657724
1000
1000
9.117978126816707
10.55914315583865
1000
1000
1000
11.653934307770054
8.897482051529654
1000
9.260556092287565
1000
1000
1000
1000
1000
11.742032881812985
10.477546858976922
1000
1000
10.129288987701162
10.90149444356125
9.76699825694219
1000
9.777511760858493
10.88696208087395
10.876743310676366
1000
10.181497246368822
1000
1000
1000
1000
1000
1000
1000
10.021166261206611
10.787369200512117
1000
8.654987025240894
1000
0.0
11.711803003159407
1000
0.0
1000
11.298880984021352
1000
1000
1000
12.614643878039805
1000
1000
12.228621466372935
1000
1000
1.3336529637736645
1000
1000
1000
1000
10.880041702962169
9.43733475052016
1000
1000
1000
1000
1000
11.95472459579443
1000
9.989847625468387
1000
1000
9.471431064056308
11.198670701743593
1000
8.901664185871413
1000
1000
11.828513082139818
0.0
9.580320297532639
1000
1000
1000
11.72172548628155
11.261516208423474
1000
1000
1000
9.349410702653374
1000
9.212879889944464
1000
1.3343312426055816
10.049355334171457
9.048632328552388
1000
1000
1000
1000
1000
1000
9.593166399075685
1000
10.02844614313177
1000
1000
11.618269975930518
1000
1000
0.0
1000
10.217373498885035
1000
1000
10.91620843917188
12.0724368350461
11.320074911294746
9.089606379169707
1000
1000
1000
12.328773782266847
8.926005590577525
11.552168261402946
1000
1000
1000
1000
11.841730457173755
0.0
1000
1000
1000
9.639429176335343
1000
1000
1000
9.409953324647658
1000
0.0
11.615215711903291
1000
11.711463780401289
1000
1000
11.956308118917192
1000
9.2819937204156
10.59827478203276
12.007223496691964
1000
10.330426436514344
10.458921496964253
9.599295664523432
11.705276459098158
1000
10.108798977411848
11.056568823804216
1000
1000
10.643807657749687
10.529327585354823
1000
1000
1000
1000
8.975467616860893
10.812705722968932
1000
1000
1000
1000
12.267530979064574
9.682254939124766
12.541924763659091
1000
10.450760196650663
12.176834471794042
11.411089187920723
1000
10.527700197719007
1000
12.553074051701175
9.972799645580693
1000
0.0
11.801380068501624
1.3336302930547654
11.834672866877707
1000
1000
0.0
11.327956721200934
1000
1000
1000
1000
1000
11.70528379794272
11.073554601371713
10.609431411185524
1000
12.65285347949997
1000
0.0
1000
1000
10.48075257645805
10.406999158147388
1000
1000
9.610425599636608
1000
9.867307074188252
10.524579231071494
1000
9.922498033152998
9.65492953319033
11.38541608972011
1000
1000
1000
1000
1000
10.436526800232627
0.0
1.3334663460251672
1000
9.252378535823018
12.268639996344506
9.692884595858912
1000
1000
0.0
1.3336582718248484
1000
1000
1000
1000
8.887948662913711
11.610644768153461
11.408360824254787
8.811490174677164
10.033782199246707
11.024790045371027
1.3338066032822606
8.79374757501881
1000
1000
0.0
9.852487132723756
1.3336370964475062
10.333180780838394
0.0
11.769891151553669
1000
1000
0.0
8.83985459769352
1.334041908230126
1000
11.419010088880572
1000
8.911349022715724
11.913356519367829
12.494648935921374
1000
1000
1000
11.94676552163791
1000
10.024166917843408
10.252856232270826
9.891564919897
8.697066897651704
1.3336263698661244
1000
10.808273506969517
0.0
1000
8.821342733911525
1000
9.808272116596708
11.407389094849858
10.06449543341788
11.792652416739289
10.870749284898796
1000
1000
1000
11.567215190848607
1000
1000
1000
1000
1000
1000
1000
1000
11.579563391886792
1000
8.810337671750272
11.371901065494955
10.726417538696344
1000
9.458701798019453
1000
1000
9.505713249759223
1000
1000
1000
1000
1000
11.448728708090089
12.027512281244803
0.0
9.989250460124957
12.331819324912153
1000
12.560138310662285
9.437534685778354
12.173647535303996
8.905445169592738
