1000
1000
0.1766697740633332
1000
1000
1000
1000
0.34786449648081347
1000
1000
1000
0.34680933176572154
1000
1000
1000
1000
1000
1000
1000
1000
1000
1000
1000
0.3477968425939084
1000
1000
1000
1000
1000
1000
1000
1000
1000
1000
1000
0.347016732907891
1000
1000
1000
1000
1000
1000
1000
1000
1000
1000
1000
0.34387776319329344
1000
1000
0.17817501421520932
1000
1000
1000
1000
0.34467221051642327
1000
1000
1000
1000
1000
1000
1000
1000
1000
1000
1000
1000
1000
0.34914731536202626
1000
1000
1000
1000
1000
1000
1000
1000
1000
0.3421193141457699
1000
1000
1000
1000
1000
1000
1000
1000
1000
0.17744990285048529
1000
1000
0.34500977655212856
