0.020599704513433414
1000
1000
1000
1000
1000
1000
0.0321144859461494
0.030208631587215498
1000
1000
1000
1000
1000
1000
1000
0.02601688305668058
1000
1000
1000
1000
1000
1000
0.03038615574387683
1000
1000
1000
1000
0.025180199821585314
1000
1000
1000
1000
1000
1000
1000
1000
0.02903610319825499
0.028874862386495823
1000
1000
1000
1000
1000
1000
1000
1000
1000
0.026238056971659776
0.026114834708534637
1000
1000
1000
1000
1000
1000
1000
1000
0.01943139553365951
1000
0.02813315455450055
1000
1000
1000
1000
1000
1000
1000
1000
1000
1000
