8.794675709273125
1000
1000
1000
1000
1000
1000
12.454197093235294
12.583736838701224
1000
1000
0.3491887283559026
1000
10.726741312124789
9.786652605925592
1000
9.048930932679811
1000
1000
1000
1000
1000
1000
12.40773906361548
8.829521525270955
1000
10.055261462849005
10.999626517802993
10.942360215309474
9.938426517959341
10.224114946566674
12.064718286656825
9.144054329528617
12.162883039704381
1000
1000
9.227119553344398
8.748754683309011
12.229271878726337
11.881592353214216
12.334605686065773
11.229141818299194
0.34306283204737054
10.188761089257344
11.066941427298765
10.42834789506358
1000
1000
9.752586749324752
9.922111482349957
9.609953808583455
10.05809814608341
10.63085736198077
1000
9.130048350625328
11.118335323693824
9.43384644408591
1000
1000
10.6131466901711
9.325874254116433
9.80591054554275
1000
10.643809625507405
1000
1000
9.592026361699466
9.918786780614193
1000
1000
12.02277934189626
12.27003730523024
9.80799858812153
10.177693231832086
1000
12.099218424738478
11.641097684784825
10.466659459661484
11.088105540277683
11.557926732184361
10.302870664873677
9.833229612066761
9.832670554779956
1000
10.273012150528764
9.756997161789718
12.57180111777064
12.273355440723732
1000
11.78089192642734
12.211399833937241
1000
1000
1000
10.732040505275062
1000
1000
9.229144794235408
1000
9.266745273275143
10.43255060576735
1000
10.59202980423562
9.986122853611068
12.191508890053639
12.021012416654024
1000
11.475639799107224
1000
10.57729504028239
1000
9.977228714364504
9.837843999633597
9.27201774359216
1000
9.602315581687364
10.741088349765022
11.168295236724662
10.520209579087625
11.821658338045022
10.412834569697495
1000
1000
9.656242996813727
1000
10.694696078040597
1000
10.352709057548058
