11.11260080741287
1000
1000
1000
1000
10.986511982213482
1000
1000
1000
1000
1000
1000
8.375928941795813
11.03041295839125
10.6135104078812
8.128165763320396
10.52577116962483
10.999594546369705
1000
10.820778374999541
8.135782741496707
8.339829194421037
11.909760917410848
1000
8.350602651092062
9.654748828931915
11.959481958588945
11.219813694651759
10.725685855027034
11.234983263999553
1000
9.303637103005926
11.98343708173198
11.090210467872808
10.932988373519606
1000
9.609297693958649
11.871682115517862
8.501945713029896
10.090709635012225
1000
1000
8.414772342219655
10.958435207076276
11.137836774452003
9.74714347373804
8.147739122127351
8.494030339293227
1000
11.840787481386707
10.183880470877325
1000
1000
9.418989183947584
11.171044090870893
1000
