14.77811399964753
1000
14.4449292283588
1000
1000
13.918250842187284
14.148181688117688
1000
1000
14.267351163776908
1000
1000
1000
1000
13.533263286751936
17.36281997288712
1000
1000
1000
15.140600760920332
13.877173445747896
1.6163626329593774
13.564637307732115
15.345680528414828
1000
1000
1000
1000
1.6173768135651492
1.6168736915425188
14.313790845703828
15.899091837405411
1000
1000
14.843439965757803
1000
1000
15.838942968647716
16.606118211292898
1000
1000
17.221780942036855
16.582185314669957
13.783275860938975
15.385617201015517
1000
1000
14.726930781983532
1000
14.652110643818048
1000
1000
14.385589724527824
1000
15.103136510184367
1.618905575904865
15.45216127116241
17.42443062137442
14.481065612073095
16.937926961287246
1000
15.08164992231558
14.704494019171236
1.6160883060202251
16.766701841494672
14.498417268886428
1000
14.771727318122611
1000
16.269697188921494
15.65377195911256
16.180012632851323
1000
16.901450970754095
1000
1000
3.228083491692636
3.224637554300389
1000
16.732885169307544
1.616381498212566
17.175074050236873
1.615292232830746
17.35094990428079
1.6183517505255194
1000
14.656955461347428
1.6167432308291139
17.301482742314693
1000
15.204837367181893
1000
