9.260238584357012
1000
1000
1000
9.689220738497122
1000
1000
9.22694401942511
1000
1000
11.803588626770557
11.970653980384077
1000
1000
9.648668528091218
1000
10.311015602054894
10.514055229538894
1000
8.629618213586697
10.826806343453091
9.914940028271243
8.697570615045013
1000
1000
10.53691770345813
1000
1000
1000
1000
1000
1000
9.230596128179062
1000
1000
1000
1000
1000
1000
10.713340773487673
10.687659663585572
9.219290648758543
1000
1000
1000
11.772132612749136
8.693129269195124
10.00215525804798
1000
1000
8.664031868633192
1000
8.366026346984015
1000
11.665214772166326
1000
8.243487982314356
11.649740622631652
8.430918786458086
11.752382532764328
8.480538408239262
9.40610366816608
9.08057027069673
8.740288428136132
0.0
10.365603930076933
8.676039937465296
10.577298658733579
9.552262327282532
1000
10.089344128560214
