1000
1000
13.831744111693862
14.497040045979787
15.099674191396321
14.7558547696797
1.6170390911681083
14.618438187780585
1000
16.522173224934498
1000
1000
1000
14.866842417931954
16.089842706086266
15.061159101858042
1000
17.14187358933439
15.10489279250907
1000
17.132872076985937
1000
15.467880941190938
1000
14.620079995331842
1000
17.195980952886902
14.642202336976434
1.6163509811908652
14.147540988920076
1000
1000
1000
13.619295535135155
1000
1000
1000
16.612124109432852
15.35657700896303
16.344633542053064
16.25558994925695
17.0263383072241
1000
1.6172918090509256
1000
15.144569798014528
1000
1.6188046157174738
1000
16.519919561450433
14.8405518852075
17.38589768375879
1000
1.6153962524591168
1000
1000
1000
14.361758855754411
1000
1000
14.944618368792726
1000
1000
1000
1000
1000
1000
1000
15.405242009518535
1000
1000
1000
1000
1000
16.284005478019665
1000
13.989541728547888
14.395752280377206
15.361853933090572
15.517149930278404
1000
16.775079924239286
14.438913612352227
1000
1000
14.939451158192568
14.839693793392895
1000
1000
1000
1000
1000
15.709561255907712
1000
15.70107181942103
1000
14.567087448883516
16.507857872051748
13.523562572942323
13.834890658794297
15.573816251929323
16.071728275358446
1000
1000
1000
1000
1000
15.78312623409747
17.068847386946825
15.72258620578077
16.32426726031783
13.850571787930939
15.129664679245002
16.983220733936147
16.821405129108452
13.890322065977202
1000
15.885365932422205
16.24003058556095
16.120277180892987
15.667227142163128
1000
1000
1000
