1000
0.021509438379925725
1000
0.027840675830695535
1000
1000
1000
1000
1000
1000
1000
0.02111680938139618
1000
1000
1000
1000
1000
1000
1000
0.026116666278535344
0.03195650960287197
1000
0.029967803822891284
0.026317940984512716
1000
1000
1000
0.031745814443726664
1000
1000
1000
1000
0.027695420604827922
1000
0.03271386655206364
1000
1000
1000
0.026836161987494535
1000
1000
1000
1000
1000
1000
1000
1000
0.032129359410206684
1000
1000
1000
1000
1000
0.03104937729441554
1000
1000
1000
1000
1000
0.027144240501414185
1000
0.027006658010813367
1000
1000
1000
1000
1000
1000
1000
0.02809102154882136
0.017634728858643558
1000
1000
1000
1000
1000
1000
1000
1000
1000
1000
1000
1000
0.018285845165648087
1000
1000
1000
1000
1000
1000
1000
1000
1000
1000
1000
1000
1000
1000
0.02535061194759103
1000
1000
1000
0.02919957159638626
1000
1000
1000
0.03072340827485622
1000
1000
0.01804700131393565
0.019324795304075694
0.025016087343183373
1000
1000
1000
0.03156145068928236
1000
1000
