1000
0.3462214366740634
1000
0.34627782544856645
0.34891896930849764
1000
1000
1000
1000
1000
1000
0.34677887877064184
1000
1000
1000
1000
1000
0.17841737508753386
1000
1000
1000
1000
1000
1000
1000
1000
1000
1000
1000
1000
1000
1000
1000
1000
0.344660381668737
1000
1000
1000
1000
1000
0.3447581246046154
1000
1000
1000
1000
1000
1000
1000
1000
1000
1000
1000
0.3435313831324125
1000
1000
1000
0.34839867578488326
1000
1000
1000
1000
1000
1000
1000
1000
1000
0.34653784110458924
0.3463334890464289
1000
1000
1000
0.17741080133703693
1000
1000
1000
1000
1000
1000
1000
1000
0.176352750726346
1000
1000
1000
1000
1000
1000
0.17734087375023644
1000
1000
0.3465990154658698
1000
1000
0.3492772185406126
1000
1000
1000
1000
1000
1000
1000
1000
0.3486523956387203
1000
1000
1000
1000
1000
1000
1000
0.3459120479031889
0.34703999714381045
1000
1000
1000
0.34649477457945843
1000
1000
1000
1000
1000
1000
1000
1000
1000
1000
1000
