1000
1000
9.041283693160135
1000
1000
1000
10.623895410884337
1000
12.217127948978932
1000
1000
10.230155377390082
11.92063346132557
1000
9.823172114562569
9.104901471263203
10.137994861979088
1000
1000
1000
1000
1000
1000
1000
1000
1000
10.59532370807312
1000
1000
9.902956183865474
1000
1000
12.02734120658975
12.63337083792323
1000
9.47281911812661
1000
1000
1000
1000
1000
1000
11.842853310101301
10.434238429881916
10.503450098100878
10.730321669221832
11.21259724827224
12.198983027725669
9.745810926088103
1000
10.336629576384029
10.507849171147118
1.3333554051224628
11.965794235837553
1000
8.907501694972876
12.42742341776636
1000
1000
11.649583663000204
10.619318429291779
1000
8.843288617560871
1000
1000
11.546829128977665
1000
1000
1000
1000
1000
9.329447355658411
1000
1000
1000
1000
1000
1000
1000
1000
1000
1000
1000
1000
12.09359832817593
10.835930799597481
1000
10.652579173820378
9.558667862995557
11.13495779120318
1000
1000
9.602011060065227
12.226261168727634
1000
8.897203601509094
1000
10.709571572482751
9.502905064854584
9.266878645002336
11.27396064507868
9.789270605940102
10.852491842200594
0.0
12.649778137810637
10.67332693878664
11.733153379206248
10.397145804258873
11.766566557511796
9.955640984368616
11.72265234441792
11.113874201484709
9.746143660314704
12.204692449818364
1000
12.067741633026467
1000
