1000
1000
1000
1000
1000
1000
0.1782586173610391
1000
1000
1000
1000
1000
0.34390795753600517
0.3466189500859741
1000
0.17563154319790936
1000
1000
1000
1000
1000
1000
1000
0.1748223248804917
1000
1000
1000
1000
1000
1000
1000
0.17653813631413476
1000
1000
0.3445736304516337
0.3419135355650506
0.17464652737397132
1000
1000
0.3474754388071782
1000
1000
1000
1000
1000
0.3457196777966092
1000
1000
1000
1000
0.17787533396429578
1000
1000
1000
1000
1000
1000
1000
1000
1000
1000
1000
1000
1000
1000
1000
1000
0.3435084402609905
