1000
1000
1000
0.17673733215691087
1000
0.17633218984330223
1000
1000
1000
0.17668500492129985
1000
0.1782975085953939
10.076090607960456
1000
1000
0.1785334403292169
1000
0.177663883713608
1000
1000
1000
1000
0.17822844216182945
12.561699078564148
1000
12.629561086900772
8.95982553221058
1000
1000
0.1766173814985913
0.0
9.33124831650079
0.1758254965664989
1000
0.17586161634179945
0.17748242081994675
0.17912963184887995
8.858657130376743
1000
0.17638748671759158
0.1785086911121701
1.3333372697675385
1000
1000
1000
1000
1000
1000
1000
1000
1000
