1000
1000
1000
1000
13.775309343917032
1000
1000
16.6543669073086
14.365950281756072
15.89908690563266
14.935229875977102
1000
14.474952643256913
1000
1000
17.10474084415125
1000
1000
13.598966889554518
1000
1000
1000
13.727730358269973
13.533934101867402
16.418699381566658
1000
1000
1000
1000
14.381732398662606
1000
17.18082147524958
1000
17.21818442632609
16.379099479965387
13.714197990256675
15.798588176790975
16.302737734217423
15.741604656035959
13.916217226190959
16.49915012488402
13.580151539451496
1000
1000
1000
14.591634869751555
16.636634301309726
14.44450093866529
1000
17.437659551902094
15.975045921826142
15.13621560345981
1000
1000
1000
13.825253960245725
15.680404683783976
17.01383887623388
16.23576710172189
16.763264771896974
1000
14.60755475707925
1000
16.54892303427038
15.245291817883185
15.587695140387499
17.06823525015483
14.224422122820258
15.673604250918984
1000
